Size 800x670
Angle 50

;Пути
BrushColor 8D5B2D
Polygon 224,186, 224,156, 674,156, 674,186
Polygon 224,296, 224,266, 674,266, 674,296

Line 674,266, 674,254, 557,254, 557,246


Opaque 70
PenColor FFFFFF
BrushColor FFFFFF
Polygon 644,252, 578,252, 578,299, 644,298
Opaque 100

BrushColor -1
PenColor 8D5B2D
AngleTextOut 0, Arial, 20, 446, 295, Путиловская>>
AngleTextOut 0, Arial, 20, 231, 295, << посадки нет
AngleTextOut 0, Arial, 25, 381, 200, Юго-Западная, 1

; левый вестибюль
PenColor 000000
Line 224,186, 224,191, 202,191, 202,211
Line 224,266, 224,261, 202,261, 202,238
Line 88,211, 70,180, -19,180, -63,256, -18,333, 69,332, 113,255, 103,238


; эскалатор 3 гор
PenColor 7F7F7F
Stairs 83,214, 83,235, 208,214
PenColor 000000
BrushColor 9B5509
Polygon 212,214, 78,214, 78,211, 212,211
Polygon 212,219, 212,222, 78,222, 78,219
Polygon 212,227, 212,230, 78,230, 78,227
Polygon 212,235, 78,235, 78,238, 212,238


; правый вестибюль
Line 674,186, 674,197, 556,197, 556,205, 644,205, 644,330, 630,363, 630,401, 624,401
Line 557,246, 578,246, 578,330, 590,363, 590,401, 597,401
Line 624,515, 630,515, 633,594, 619,605, 609,601, 558,644, 591,684
Line 570,698, 539,661, 476,714, 507,752
Line 490,766, 413,675
Line 429,658, 458,693, 523,639, 495,605
Line 512,590, 540,624, 594,578, 591,515, 597,515

BrushColor D0D0D0
Polygon 601,246, 620,246, 620,297, 610,318, 601,297

; эскалатор 3 верт
PenColor 7F7F7F
Stairs 600,517, 621,517, 600,397
PenColor 000000
BrushColor 9B5509
Polygon 600,393, 600,522, 597,522, 597,393
Polygon 605,393, 608,393, 608,522, 605,522
Polygon 613,393, 616,393, 616,522, 613,522
Polygon 621,393, 621,522, 624,522, 624,393

BrushColor -1
PenColor 8D5B2D
AngleTextOut 0, Arial, 25, 381, 200, Юго-Западная, 1


;названия улиц голубым
PenColor 00AFAF
AngleTextOut 0, Arial, 15, 485, 453, проспект Стачек
AngleTextOut -50, Arial, 15, 179, 291, улица Маршала Казакова
BrushColor 000000

