Size 1120x930
Angle 60

; ==============================
; Калужско-Рижская линия

;Пути
BrushColor FC9C54
Polygon 242,313, 242,283, 692,283, 692,313
Polygon 692,203, 692,173, 242,173, 242,203

BrushColor -1
PenColor F7782E
AngleTextOut 0, Arial, 25, 391, 212, Академическая, 1
AngleTextOut 0, Arial, 20, 245, 149, << Профсоюзная
AngleTextOut 0, Arial, 20, 491, 313, Ленинский проспект >>

; левый вестибюль

PenColor 000000
Line 136,156, 96,156, 96,214, 100,214, 100,198, 172,198, 172,217, 242,217, 242,203
Line 136,335, 96,335, 96,273, 100,273, 100,288, 172,288, 172,269, 242,269, 242,283
Line 136,138, 28,138
Line 136,353, 28,353
Line 28,335, 68,335, 68,156, 28,156
Line 96,143, 136,143, 0.5
Stairs 233,217, 233,269, 242,217
Stairs 177,269, 177,244, 223,269
Stairs 98,143, 98,156, 136,143
Stairs 30,138, 30,156, 68,138
Stairs 98,335, 98,353, 136,335
Stairs 30,353, 30,335, 68,353

BrushColor D0D0D0
Polygon 100,241, 96,241, 96,246, 100,246

; кассы
BrushColor -1
Line 120,288, 120,299, 148,299, 148,288
AngleTextOut 0, Arial, 10, 122, 287, кассы

; турникеты
Polygon 168,272, 163,269, 166,264, 171,267
PenColor 009900
Stairs 160,267, 163,262, 131,249
PenColor FF0000
Stairs 129,202, 135,202, 129,245

; эскалаторs 
PenColor 7F7F7F
Stairs 224,243, 224,219, 173,243
PenColor 000000
BrushColor 9B5509
Polygon 173,229, 226,229, 226,233, 173,233
Polygon 173,242, 226,242, 226,245, 173,245
Polygon 173,217, 226,217, 226,220, 173,220

; правый вестибюль

PenColor 000000
Line 776,156, 816,156, 816,214, 812,214, 812,198, 742,198, 742,217, 692,217, 692,203
Line 884,156, 844,156, 844,334, 884,334
Line 776,334, 816,334, 816,272, 812,272, 812,286, 742,286, 742,269, 692,269, 692,283
Line 884,352, 776,352
Line 776,138, 884,138
Line 844,143, 882,143, 0.5
Stairs 882,143, 882,156, 844,143
Stairs 846,334, 846,352, 884,334
Stairs 778,138, 778,156, 816,138
Stairs 778,352, 778,334, 816,352
Stairs 739,217, 739,269, 694,217

BrushColor D0D0D0
Polygon 816,241, 812,241, 812,246, 816,246

; турникеты
BrushColor -1
Polygon 777,201, 771,201, 771,207, 777,207
PenColor 009900
Stairs 772,212, 776,212, 772,245
PenColor FF0000
Stairs 772,248, 776,248, 772,282

; кассы
PenColor 000000
BrushColor -1
Line 780,198, 780,187, 807,187, 807,198
AngleTextOut 0, Arial, 10, 782, 186, кассы

;стрелки
PenColor FF0000
Arrow 792,259, 803,259
Arrow 115,226, 101,226
PenColor 009900
Arrow 804,226, 793,226
Arrow 118,266, 136,266

;инфососы
PenColor 34349C
BrushColor 34349C
Polygon 668,268, 663,268, 663,266, 668,266
Polygon 376,256, 376,246, 374,246, 374,256
Polygon 266,266, 261,266, 261,268, 266,268

PenColor FF0000
BrushColor FF0000
Polygon 673,268, 668,268, 668,266, 673,266
Polygon 376,251, 376,256, 374,256, 374,251
Polygon 271,266, 266,266, 266,268, 271,268

;названия улиц синим
PenColor 00AFAF
BrushColor -1
AngleTextOut 18, Arial, 15, 860, 247, проспект 60-летия Октября
AngleTextOut 0, Arial, 15, -87, 236, Профсоюзная улица
AngleTextOut -90, Arial, 15, 491, -24, улица Дмитрия Ульянова
AngleTextOut -90, Arial, 15, 497, 988, улица Дмитрия Ульянова
AngleTextOut 0, Arial, 15, 646, 851, улица Гримау

; ===========================
; Троицкая линия

; пути
PenColor 000000
BrushColor 03795F
Polygon 530,401, 560,401, 560,850, 530,850
Polygon 422,401, 452,401, 452,850, 422,850

PenColor 000000
Line 452,850, 478,850, 478,856
Line 509,878, 509,850, 505,850, 505,856
Line 530,850, 524,850, 524,878
Line 505,893, 540,893, 540,946, 512,946, 512,955, 620,955, 620,1013
Line 478,893, 449,893, 449,946, 480,946, 480,955, 371,955, 371,1013
Line 602,1013, 602,973, 389,973, 389,1013
Line 468,417, 465,417, 465,401, 452,401
Line 483,417, 518,417, 518,401, 530,401
Line 604,546, 604,586, 0.5
Line 616,1013, 616,973, 0.5
Stairs 604,584, 590,584, 604,546
Stairs 359,593, 377,593, 359,555
Stairs 616,1011, 602,1011, 616,973
Stairs 371,1011, 389,1011, 371,973

; турникеты
Line 498,947, 498,921, 0.5
Line 476,899, 476,924, 0.5
Line 523,924, 538,924, 0.5
PenColor 009900
Stairs 494,926, 494,922, 476,926
PenColor FF0000
Stairs 522,922, 522,926, 502,922

; эсzкалатор 3 верт
PenColor 7F7F7F
Stairs 481,895, 502,895, 481,860
PenColor 000000
BrushColor 9B5509
Polygon 502,900, 502,856, 505,856, 505,900
Polygon 497,900, 494,900, 494,856, 497,856
Polygon 489,900, 486,900, 486,856, 489,856
Polygon 481,900, 481,856, 478,856, 478,900

; эскалатор 4 верт
PenColor 7F7F7F
Stairs 477,504, 506,504, 477,447
PenColor 000000
BrushColor 9B5509
Polygon 506,509, 506,443, 509,443, 509,509
Polygon 493,509, 490,509, 490,443, 493,443
Polygon 501,509, 498,509, 498,443, 501,443
Polygon 485,509, 482,509, 482,443, 485,443
Polygon 477,509, 477,443, 474,443, 474,509

;инфососы
PenColor 94949C
BrushColor 94949C
Polygon 489,718, 494,718, 494,716, 489,716
PenColor FF0000
BrushColor FF0000
Polygon 484,718, 489,718, 489,716, 484,716

;инфососы
PenColor 94949C
BrushColor 94949C
Polygon 491,520, 486,520, 486,518, 491,518
PenColor FF0000
BrushColor FF0000
Polygon 496,520, 491,520, 491,518, 496,518

;инфососы
PenColor 94949C
BrushColor 94949C
Polygon 491,426, 496,426, 496,424, 491,424
PenColor FF0000
BrushColor FF0000
Polygon 486,426, 491,426, 491,424, 486,424

;инфососы
PenColor 94949C
BrushColor 94949C
Polygon 538,937, 538,941, 536,941, 536,937
PenColor FF0000
BrushColor FF0000
Polygon 538,933, 538,937, 536,937, 536,933

;лифт
PenColor 000000
BrushColor D0EFFF
Polygon 509,893, 509,878, 524,878, 524,893
BrushColor -1
AngleTextOut 0, Arial, 6, 510, 882, лифт

;лифт
PenColor 000000
BrushColor D0EFFF
Polygon 589,520, 599,510, 609,520, 599,530
BrushColor -1
AngleTextOut 0, Arial, 6, 593, 516, лифт

;лифт
PenColor 000000
BrushColor D0EFFF
Polygon 602,955, 602,940, 617,940, 617,955
BrushColor -1
AngleTextOut 0, Arial, 6, 603, 944, лифт

Opaque 70
PenColor FFFFFF
BrushColor FFFFFF
Polygon 446,400, 446,479, 469,479, 469,437, 514,437, 514,479, 536,479, 536,400
Polygon 446,479, 446,513, 421,513, 421,531, 561,531, 561,513, 536,513, 536,479
Polygon 515,282, 469,282, 469,314, 515,314
Opaque 100

PenColor 000000
Line 608,586, 608,539, 582,513, 536,513, 536,396, 515,396, 515,260, 555,260
Line 359,595, 359,548, 394,513, 446,513, 446,396, 469,396, 469,260, 429,260
Line 429,242, 555,242
Line 377,595, 377,555, 401,531, 575,531, 590,546, 590,586
Line 509,443, 509,439, 512,439, 512,479, 471,479, 471,439, 474,439, 474,443
Stairs 553,242, 553,260, 515,242
Stairs 431,242, 431,260, 469,242

; турникеты
PenColor 009900
Stairs 468,421, 472,421, 468,438
PenColor FF0000
Stairs 532,446, 532,450, 513,446
Line 450,514, 448,530
Line 450,530, 448,514
Line 455,956, 453,972
Line 455,972, 453,956
Line 514,377, 470,381
Line 514,381, 470,377
Line 552,244, 550,258
Line 550,244, 552,258
Line 432,244, 434,258
Line 434,244, 432,258

;лифт
PenColor 000000
BrushColor D0EFFF
Polygon 468,417, 468,402, 483,402, 483,417
BrushColor -1
AngleTextOut 0, Arial, 6, 469, 406, лифт

;инфососы
PenColor 94949C
BrushColor 94949C
Polygon 511,389, 511,385, 509,385, 509,389
PenColor FF0000
BrushColor FF0000
Polygon 511,393, 511,389, 509,389, 509,393

PenColor 03795F
BrushColor -1
AngleTextOut -90, Arial, 20, 584, 404, << Вавиловская
AngleTextOut -90, Arial, 20, 422, 739, Крымская >>
AngleTextOut -90, Arial, 25, 509, 539, Академическая, 1

; ===========================
; Выходы
Angle -60
PenColor FFD900
BrushColor 615F56
SpotRect 263, 773, 30, 30, ShowMessage Выход №1
SpotRect 215, 864, 30, 30
SpotRect 44, 763, 30, 30
SpotRect 25, 644, 30, 30
SpotRect 347, 84, 30, 30
SpotRect 392, 5, 30, 30
SpotRect 637, 135, 30, 30
SpotRect 520, 214, 30, 30
SpotRect 702, 465, 30, 30
SpotRect 1077, 677, 30, 30
BrushColor -1
TextOut Arial, 25, 271, 774, 1
TextOut Arial, 25, 223, 865, 2
TextOut Arial, 25, 52, 764, 3
TextOut Arial, 25, 33, 645, 4
TextOut Arial, 25, 355, 85, 5
TextOut Arial, 25, 400, 6, 6
TextOut Arial, 25, 645, 136, 7
TextOut Arial, 25, 528, 215, 8
TextOut Arial, 25, 710, 466, 9
TextOut Arial, 25, 1080, 678, 11
