Size 1150x1250

Angle -20
; ====================================================

; МЦК
;Пути
PenColor DE7272
Line 177,160, 177,515, 20
Line 199,160, 199,515, 20
PenColor D56060
Dashed 177,160, 177,515, 13
Dashed 199,160, 199,515, 13
PenColor 000000

PenColor 000000
Line 142,803, 216,803, 216,704, 136,704, 136,150, 167,150, 167,672, 155,672
Line 154,618, 154,658
Line 222,658, 222,618
Line 221,672, 209,672, 209,150, 240,150, 240,803, 315,803
Line 315,824, 142,824, 142,830, 84,830, 84,774, 142,774, 142,803
Line 157,604, 220,604
Line 87,771, 87,774, 99,774, 99,771
Stairs 136,656, 154,656, 136,618
Stairs 240,656, 222,656, 240,618
Stairs 122,830, 122,812, 104,830
Stairs 84,810, 102,810, 84,792
Stairs 104,774, 104,792, 123,774
Stairs 142,794, 124,794, 142,803

BrushColor D0D0D0
Polygon 102,792, 124,792, 124,812, 102,812
Polygon 155,672, 155,704, 136,704, 136,672
Polygon 221,672, 221,691, 240,691, 240,672

;лифт
PenColor 000000
BrushColor D0EFFF
Polygon 153,687, 138,687, 138,672, 153,672
BrushColor -1
AngleTextOut 90, Arial, 6, 142, 686, лифт

; эскалатор 2 верт
PenColor 7F7F7F
Stairs 140,599, 153,599, 140,564
PenColor 000000
BrushColor 9B5509
Polygon 140,560, 140,604, 137,604, 137,560
Polygon 145,560, 148,560, 148,604, 145,604
Polygon 153,560, 153,604, 156,604, 156,560

; эскалатор 2 верт
PenColor 7F7F7F
Stairs 223,599, 236,599, 223,564
PenColor 000000
BrushColor 9B5509
Polygon 223,560, 223,604, 220,604, 220,560
Polygon 228,560, 231,560, 231,604, 228,604
Polygon 236,560, 236,604, 239,604, 239,560

; турникеты
PenColor 009900
Stairs 195,681, 195,677, 221,681
PenColor FF0000
Stairs 181,681, 181,677, 155,681

;инфососы
PenColor 94949C
BrushColor 94949C
Polygon 224,449, 220,449, 220,451, 224,451
PenColor FF0000
BrushColor FF0000
Polygon 228,449, 224,449, 224,451, 228,451

;инфососы
PenColor 94949C
BrushColor 94949C
Polygon 151,449, 147,449, 147,451, 151,451
PenColor FF0000
BrushColor FF0000
Polygon 155,449, 151,449, 151,451, 155,451

;лифт
PenColor 000000
BrushColor D0EFFF
Polygon 238,687, 223,687, 223,672, 238,672
BrushColor -1
AngleTextOut 90, Arial, 6, 227, 686, лифт

Opaque 70
PenColor FFFFFF
BrushColor FFFFFF
Polygon 156,642, 135,642, 135,605, 241,605, 241,642, 220,642, 220,676, 156,676
Opaque 100

Line 184,675, 184,683, 192,683, 192,675, 184,675
Line 154,658, 156,658, 156,642, 136,642
Line 222,658, 220,658, 220,642, 240,642


BrushColor -1
PenColor DE7272
AngleTextOut 90, Arial, 20, 144, 522, << Нижегородская
AngleTextOut 90, Arial, 20, 204, 343, Шоссе Энтузиастов >>
PenColor 000000
AngleTextOut 90, Arial, 25, 171, 438, Андроновка (МЦК), 1
PenColor FFFFFF
AngleTextOut 90, Arial, 25, 170, 439, Андроновка (МЦК), 1

; Названия улиц голубым
PenColor 00AFAF
BrushColor -1
AngleTextOut 90, Arial, 15, 330, 376, МСД
Dashed 437,840, 409,840, 409,795, 343,795, 343,810, 333,810
Dashed 500,1048, 741,1048, 741,1033, 775,1033

; ====================================================

;МЦД-3

; Павелецкое направление

;Здания беж
PenColor DFDFDF
BrushColor FEFBF1
Polygon 401,825, 401,801, 350,801, 350,825

; кассы
PenColor 000000
BrushColor -1
Line 390,801, 390,808, 362,808, 362,801
AngleTextOut 0, Arial, 10, 364, 797, кассы

PenColor 000000
Line 550,897, 487,897, 487,908, 445,908, 445,869, 488,869, 488,833, 444,833
Line 470,851, 427,851, 427,1054, 485,1054
Line 485,1036, 445,1036, 445,926, 487,926, 487,937, 550,937
Line 444,847, 468,847, 0.5
Line 445,855, 469,855, 0.5
Line 447,912, 487,912, 0.5
Line 445,1041, 485,1041, 0.5
Stairs 485,912, 485,926, 447,912
Stairs 483,1054, 483,1041, 445,1054
Stairs 467,855, 467,869, 445,855
Stairs 446,833, 446,847, 468,833

PenColor EEEEEE
BrushColor EEEEEE
Polygon 550,897, 550,937, 1216,937, 1216,897
Polygon 551,984, 551,1014, 843,1014, 843,1043, 870,1043, 870,1014, 1216,1014, 1216,984

; турникеты
PenColor 000000
Stairs 836,1023, 840,1023, 836,1042
Stairs 537,933, 541,933, 537,899


; пути
PenColor EA5B04
Line 1206,950, 558,950, 20
Line 1206,971, 558,971, 20

PenColor 000000
Line 550,937, 1216,937, 1216,897, 550,897
Line 551,984, 551,1014, 843,1014, 843,1019, 803,1019, 803,1023, 748,1023
Line 787,1039, 803,1039, 803,1043, 870,1043, 870,1014, 1216,1014, 1216,984, 551,984
Line 748,1028, 803,1028, 0.5
Stairs 801,1039, 801,1028, 787,1039

; кассы
PenColor 000000
BrushColor -1
Line 832,1043, 832,1050, 806,1050, 806,1043
AngleTextOut 0, Arial, 10, 807, 1039, кассы


Opaque 70
PenColor FFFFFF
BrushColor FFFFFF
Polygon 471,870, 489,870, 489,832, 456,832, 456,850, 426,850, 426,1055, 471,1055
Opaque 100

Line 487,906, 472,906, 472,928, 487,928
Line 485,1036, 485,1034, 471,1034, 471,1056, 485,1056, 485,1054
Line 444,833, 444,831, 456,831, 456,851, 444,851, 444,847

PenColor D0D0D0
Railway 10, 14, 4, 550,976, 385,976
Railway 10, 14, 4, 550,955, 385,955
Railway 10, 14, 4, 1346,976, 1214,976
Railway 10, 14, 4, 1346,955, 1214,955
Railway 10, 14, 4, 1346,890, 385,890
PenColor D82400
Railway 10, 14, 4, 1214,976, 550,976
Railway 10, 14, 4, 1214,955, 550,955


PenColor 000000
BrushColor -1
AngleTextOut 360, Arial, 25, 689, 944, Андроновка (МЦД-3), 1
PenColor FFFFFF
AngleTextOut 360, Arial, 25, 687, 942, Андроновка (МЦД-3), 1
PenColor EA5B04
AngleTextOut 360, Arial, 20, 556, 980, << Авиамоторная
AngleTextOut 360, Arial, 20, 1118, 913, Перово >>

; ====================================================

Angle 20

; Выходы
PenColor FFD900
BrushColor 615F56
SpotRect 245, 659, 30, 30, ShowMessage Выход №1
SpotRect 56, 558, 30, 30
SpotRect 381, 735, 30, 30
SpotRect 309, 1004, 30, 30
SpotRect 645, 1125, 30, 30
BrushColor -1
TextOut Arial, 25, 253, 660, 1
TextOut Arial, 25, 64, 559, 2
TextOut Arial, 25, 389, 736, 3
TextOut Arial, 25, 317, 1005, 4
TextOut Arial, 25, 653, 1126, 5
