Size 1200x1400
Angle 20

; нижний уровень
PenColor 000000
BrushColor 30D5C8
Polygon 745,528, 715,528, 715,79, 745,79
Polygon 853,528, 823,528, 823,79, 853,79
Line 823,528, 799,528
Line 769,101, 764,101, 764,206
Line 769,88, 764,88, 764,87
Line 816,981, 791,981, 791,984, 782,984, 782,1001
Line 749,578, 749,528, 745,528
Line 764,578, 764,528, 769,528
Stairs 800,204, 769,204, 800,147
Stairs 768,261, 800,261, 768,300
Stairs 768,380, 800,380, 768,342

; эскалатор 3 верт
PenColor 7F7F7F
Stairs 773,585, 796,585, 773,509
PenColor 000000
BrushColor 9B5509
Polygon 770,590, 770,506, 773,506, 773,590
Polygon 778,590, 778,506, 782,506, 782,590
Polygon 787,590, 787,506, 791,506, 791,590
Polygon 796,590, 796,506, 799,506, 799,590

PenColor D0D0D0
Railway 10, 14, 4, 854,950, 854,974
Railway 10, 14, 4, 834,950, 834,974
Railway 10, 14, 4, 854,1482, 854,1502
Railway 10, 14, 4, 834,1482, 834,1502
Railway 10, 14, 4, 910,950, 910,1502

PenColor EA5B04
Line 829,1474, 829,980, 20
Line 849,1474, 849,980, 20

PenColor D82400
Railway 10, 14, 4, 854,974, 854,1482
Railway 10, 14, 4, 834,974, 834,1482

PenColor 000000
Line 777,1261, 791,1261, 791,1474, 816,1474, 816,981
Line 862,981, 890,981, 890,1474, 862,1474, 862,981

;инфососы
PenColor 94949C
BrushColor 94949C
Polygon 786,244, 781,244, 781,242, 786,242
PenColor FF0000
BrushColor FF0000
Polygon 791,244, 786,244, 786,242, 791,242

; полупрозрачный уровень
Opaque 80
PenColor FFFFFF
BrushColor FFFFFF
Polygon 714,107, 752,107, 752,87, 769,87, 769,102, 766,102, 766,147, 714,147
Polygon 822,300, 854,300, 854,366, 840,342, 822,342
Polygon 769,542, 769,561, 800,561, 800,542
Polygon 796,1094, 796,1110, 917,1110, 916,1094
Polygon 779,1375, 778,1393, 919,1393, 919,1375
Polygon 748,542, 765,542, 765,578, 748,578
Opaque 100

; пути
BrushColor FCDC04
Polygon 486,624, 936,624, 936,654, 486,654
Polygon 486,734, 936,734, 936,764, 486,764

BrushColor -1
PenColor 000000
AngleTextOut 0, Arial, 20, 492, 600, << Площадь Ильича
AngleTextOut 0, Arial, 20, 739, 765, Шоссе Энтузиастов >>
AngleTextOut 0, Arial, 25, 616, 667, Авиамоторная, 1
PenColor FCDC04
AngleTextOut 0, Arial, 20, 491, 599, << Площадь Ильича
AngleTextOut 0, Arial, 20, 738, 764, Шоссе Энтузиастов >>
AngleTextOut 0, Arial, 25, 614, 665, Авиамоторная, 1

;инфосос
PenColor 34349C
BrushColor 34349C
Polygon 709,698, 709,702, 710,702, 710,698
PenColor FF0000
BrushColor FF0000
Polygon 709,694, 709,698, 710,698, 710,694


; левый вестибюль

PenColor 000000
Line 422,668, 422,645, 397,645, 380,628, 380,624, 277,624, 277,618, 230,618, 230,546
Line 207,546, 207,617, 193,617, 193,746, 137,746, 137,704
Line 119,704, 119,746, 43,746
Line 43,765, 83,765, 83,812, 41,812
Line 41,829, 83,829, 83,904, 43,904
Line 43,921, 83,921, 83,927, 114,927, 129,942, 129,1026
Line 151,1026, 151,986, 203,986, 203,1026
Line 224,1026, 224,986, 264,986
Line 264,964, 151,964, 151,936, 122,907, 101,907, 101,769, 161,769, 161,803, 184,803, 184,796, 226,796
Line 226,777, 184,777, 184,769, 277,769, 277,763, 379,763, 379,759, 397,741, 421,741, 421,719
Line 486,654, 486,661, 540,661, 540,668, 517,668
Line 486,734, 486,727, 540,727, 540,719, 517,719
Line 43,761, 84,761, 0.5
Line 43,917, 83,917, 0.5
Line 146,1026, 146,986, 0.5
Line 219,1026, 219,986, 0.5
Line 264,970, 224,970, 0.5
Stairs 224,796, 224,777, 186,796
Stairs 262,986, 262,970, 224,986
Stairs 203,1024, 219,1024, 203,986
Stairs 129,1024, 146,1024, 129,986
Stairs 45,904, 45,917, 83,904
Stairs 43,812, 43,829, 81,812
Stairs 45,746, 45,761, 83,746
Stairs 119,706, 137,706, 119,744
Stairs 207,548, 230,548, 207,586
Stairs 238,618, 238,769, 244,618
Stairs 154,746, 154,769, 140,746

BrushColor D0D0D0
Polygon 277,645, 277,738, 298,738, 298,645

; кассы
BrushColor FFFFFF
Polygon 284,668, 298,668, 298,714, 284,714
BrushColor -1
AngleTextOut -90, Arial, 10, 298, 677, кассы

; турникеты
BrushColor -1
Line 395,643, 381,657, 0.5
Line 413,695, 348,721, 0.5
Polygon 320,711, 326,711, 326,717, 320,717
Line 323,753, 323,763, 0.5
Line 320,717, 298,717, 0.5
PenColor 009900
Stairs 379,656, 382,659, 327,709
PenColor FF0000
Stairs 325,721, 321,721, 325,754

; эскалатор 4
PenColor 7F7F7F
Stairs 421,672, 421,715, 512,672
PenColor 000000
BrushColor 9B5509
Polygon 414,668, 517,668, 517,672, 414,672
Polygon 414,679, 517,679, 517,684, 414,684
Polygon 414,691, 517,691, 517,696, 414,696
Polygon 414,703, 517,703, 517,708, 414,708
Polygon 414,715, 517,715, 517,719, 414,719

;инфосос
PenColor 34349C
BrushColor 34349C
Polygon 342,720, 338,720, 338,721, 342,721
PenColor FF0000
BrushColor FF0000
Polygon 346,720, 342,720, 342,721, 346,721


; правый вестибюль

PenColor 000000
Line 936,734, 936,722, 915,722, 915,716, 859,716, 859,722, 847,722, 847,709
Line 847,679, 847,666, 859,666, 859,672, 912,672, 912,666, 936,666, 936,653
Stairs 852,709, 852,679, 890,709
Stairs 1079,665, 1050,665, 1079,679
BrushColor D0D0D0
Polygon 1062,587, 1067,587, 1067,679, 1062,679

; Названия улиц голубым
PenColor 00AFAF
BrushColor -1
AngleTextOut 0, Arial, 15, 246, 776, МЦД-3 >>
AngleTextOut 0, Arial, 15, 287, 968, МЦД-3 >>
AngleTextOut -90, Arial, 15, 886, 560, МЦД-3 >>
AngleTextOut -90, Arial, 15, 950, 917, << к выходу 10
AngleTextOut 0, Arial, 15, 656, 953, << к выходу 9
AngleTextOut 0, Arial, 15, 668, 788, << к выходу 2
AngleTextOut 0, Arial, 15, 142, 857, Шоссе Энтузиастов
AngleTextOut 0, Arial, 15, 569, 853, Шоссе Энтузиастов
AngleTextOut 270, Arial, 15, 179, 568, ул.Авиамоторная
AngleTextOut 270, Arial, 15, 186, 1013, ул.Авиамоторная
AngleTextOut 270, Arial, 15, 288, 95, ул.Авиамоторная
AngleTextOut 0, Arial, 15, 120, 117, ул.Красноказарменная
Arrow 750,859, 750,810, 680,810

; стрелки
PenColor FF0000
Arrow 362,736, 347,736
PenColor 009900
Arrow 327,654, 340,667


===================================
; БКЛ

BrushColor -1
PenColor 000000
AngleTextOut -90, Arial, 25, 799, 171, Авиамоторная (БКЛ), 1
PenColor 30D5C8
AngleTextOut -90, Arial, 20, 716, 373, Нижегородская >>
AngleTextOut -90, Arial, 20, 879, 81, << Лефортово
AngleTextOut -90, Arial, 25, 800, 170, Авиамоторная (БКЛ), 1

;инфососы
PenColor 94949C
BrushColor 94949C
Polygon 784,407, 779,407, 779,405, 784,405
PenColor FF0000
BrushColor FF0000
Polygon 789,407, 784,407, 784,405, 789,405



===================================
; переход
PenColor 000000
Line 768,259, 768,382
Line 800,259, 800,300, 869,300
Line 800,382, 800,342, 840,342
Line 1017,557, 1083,557, 1083,587, 1079,587, 1079,709, 847,709
Line 982,587, 1050,587, 1050,679, 847,679

; переход
PenColor 000000
Line 869,300, 924,396, 921,398
Line 840,342, 884,419, 888,417

; эскалатор 4 30
PenColor 7F7F7F
Stairs 935,494, 963,478, 888,412
PenColor 000000
BrushColor 9B5509
Polygon 935,500, 884,411, 887,409, 938,498
Polygon 942,496, 891,407, 895,405, 946,494
Polygon 950,491, 899,402, 902,400, 953,489
Polygon 958,487, 907,398, 910,396, 961,485
Polygon 965,482, 914,393, 917,392, 968,481

Line 965,475, 968,473, 1017,557
Line 931,493, 928,495, 982,587

BrushColor D0D0D0
Polygon 852,324, 857,317, 828,317, 828,324
Polygon 800,317, 800,324, 810,324, 810,317

;инфососы
PenColor 94949C
BrushColor 94949C
Polygon 1081,580, 1081,584, 1079,584, 1079,580
PenColor FF0000
BrushColor FF0000
Polygon 1081,576, 1081,580, 1079,580, 1079,576

; стрелки
PenColor 000000
Arrow 987,526, 976,507
Arrow 958,517, 969,536

===================================
; южный вестибюль

PenColor 000000
Line 858,522, 858,464, 904,464, 921,533, 892,560, 819,560, 819,617, 704,617
Line 876,522, 876,482, 890,482, 901,527, 883,542, 704,542, 704,617
Stairs 876,520, 863,520, 876,482
Stairs 878,464, 878,482, 889,464
Stairs 908,480, 891,484, 911,490
Line 863,522, 863,482, 0.5
Line 768,562, 732,562, 732,599, 749,599, 749,592, 
Line 764,592, 764,599, 768,599, 768,562
Line 770,590, 768,590, 768,561, 801,561, 801,599, 799,599, 799,590
Line 828,551, 801,551, 801,561, 0.5

; кассы
PenColor 000000
BrushColor -1
Line 764,562, 764,570, 736,570, 736,562
AngleTextOut 0, Arial, 10, 737, 559, кассы

; турникеты
PenColor 000000
BrushColor -1
Polygon 725,571, 725,576, 730,576, 730,571
PenColor 009900
Stairs 721,572, 721,576, 704,572
PenColor FF0000
Stairs 816,567, 816,571, 801,567

;инфососы
PenColor 94949C
BrushColor 94949C
Polygon 818,585, 818,589, 816,589, 816,585
PenColor FF0000
BrushColor FF0000
Polygon 818,581, 818,585, 816,585, 816,581


;лифт
PenColor 000000
BrushColor D0EFFF
Polygon 749,592, 749,578, 764,578, 764,592
BrushColor -1
AngleTextOut 0, Arial, 6, 750, 582, лифт


===================================
; северный вестибюль


Line 745,79, 764,79, 764,87, 769,87
Line 764,206, 769,206, 769,147, 580,147, 580,159, 499,159
Line 556,141, 566,141, 566,144, 497,144, 497,141
Line 823,79, 805,79, 805,206, 800,206, 800,107, 766,107, 766,102, 769,102
Line 769,87, 752,87, 752,107, 547,107, 547,112

; эскалатор 3 гор
PenColor 7F7F7F
Stairs 551,138, 551,115, 493,138
PenColor 000000
BrushColor 9B5509
Polygon 556,115, 489,115, 489,112, 556,112
Polygon 556,120, 556,124, 489,124, 489,120
Polygon 556,129, 556,133, 489,133, 489,129
Polygon 556,138, 489,138, 489,141, 556,141

Line 497,112, 497,107, 452,62, 401,62, 401,74, 336,74, 336,34
Line 318,34, 318,74, 247,74, 247,34
Line 499,159, 499,169, 401,169, 401,148, 355,148, 355,188
Line 337,188, 337,148, 335,148, 335,173
Line 320,173, 320,148, 318,148, 318,92, 229,92, 229,34
Line 322,34, 322,74, 0.5
Line 351,188, 351,148, 0.5
Line 233,34, 233,74, 0.5
Stairs 247,36, 233,36, 247,74
Stairs 337,186, 351,186, 337,148
Stairs 336,36, 322,36, 336,74

BrushColor D0D0D0
Polygon 362,92, 362,130, 401,130, 401,92

;лифт
PenColor 000000
BrushColor D0EFFF
Polygon 526,159, 526,144, 541,144, 541,159
BrushColor -1
AngleTextOut -90, Arial, 6, 538, 145, лифт

;лифт
PenColor 000000
BrushColor D0EFFF
Polygon 769,102, 769,87, 784,87, 784,102
BrushColor -1
AngleTextOut -90, Arial, 6, 781, 88, лифт

;лифт
PenColor 000000
BrushColor D0EFFF
Polygon 320,167, 320,153, 335,153, 335,167
BrushColor -1
AngleTextOut 0, Arial, 6, 321, 157, лифт

;лифт
PenColor 000000
BrushColor D0EFFF
Polygon 231,106, 231,92, 246,92, 246,106
BrushColor -1
AngleTextOut 0, Arial, 6, 232, 96, лифт

;стрелки
PenColor FF0000
Arrow 386,83, 373,83
PenColor 009900
Arrow 373,139, 386,139

; турникеты
PenColor 000000
BrushColor -1
Polygon 444,140, 450,140, 450,134, 444,134
Line 447,134, 447,116, 0.5
PenColor 009900
Stairs 445,168, 449,168, 445,143
PenColor FF0000
Stairs 446,114, 449,117, 474,86



; ============================================================
; МЦД-3

; платформы

;Здания беж
PenColor DFDFDF
BrushColor FEFBF1
Polygon 782,988, 757,988, 757,1022, 782,1022

PenColor 000000
Line 757,994, 757,988, 782,988
Line 757,1016, 757,1022, 782,1022

PenColor 000000
Line 866,1142, 866,1111, 791,1111, 791,1213, 778,1213
Line 933,1049, 933,1093, 880,1093, 880,1050
Line 866,1050, 866,1093, 791,1093, 791,1053
Line 880,1142, 880,1111, 951,1111, 951,1049
Line 744,1363, 777,1363, 777,1375, 929,1375
Line 744,1381, 760,1381, 760,1393, 929,1393
Line 791,991, 791,1019
Line 782,1009, 782,1026, 791,1026, 791,1037, 773,1037, 773,1151
Line 877,1050, 877,1093, 0.5
Stairs 791,1055, 773,1055, 791,1093
Stairs 791,1149, 773,1149, 791,1111
Stairs 866,1052, 877,1052, 866,1087
Stairs 866,1140, 880,1140, 866,1113
Stairs 951,1051, 933,1051, 951,1093
Stairs 782,1375, 782,1393, 800,1375
Stairs 927,1393, 927,1375, 905,1393
Stairs 780,1217, 788,1217, 780,1260
Stairs 782,1010, 791,1010, 782,1019
Stairs 782,1000, 791,1000, 782,991

; турникеты
PenColor 009900
Stairs 766,1002, 770,1002, 766,989
PenColor FF0000
Stairs 766,1007, 770,1007, 766,1021


PenColor FFFFFF
BrushColor -1
PenColor EA5B04
AngleTextOut -90, Arial, 25, 911, 1081, Авиамоторная (МЦД-3), 1
AngleTextOut -90, Arial, 20, 818, 991, << Сортировочная
AngleTextOut -90, Arial, 20, 885, 1342, Андроновка >>

===================================

; Выходы
Angle -20
PenColor FFD900
BrushColor 615F56
SpotRect 213, 674, 30, 30, ShowMessage Выход №1
SpotRect 258, 927, 30, 30
SpotRect 115, 870, 30, 30
SpotRect 80, 894, 30, 30
SpotRect 129, 1009, 30, 30
SpotRect 158, 1096, 30, 30
SpotRect 224, 1141, 30, 30
SpotRect 361, 1105, 30, 30
SpotRect 340, 1031, 30, 30
SpotRect 742, 420, 30, 30
SpotRect 198, 270, 30, 30
SpotRect 137, 148, 30, 30
SpotRect 51, 188, 30, 30
SpotRect 1047, 875, 30, 30
SpotRect 907, 1140, 30, 30
SpotRect 811, 928, 30, 30
BrushColor -1
TextOut Arial, 25, 221, 675, 1
TextOut Arial, 25, 266, 928, 2
TextOut Arial, 25, 123, 871, 3
TextOut Arial, 25, 88, 895, 4
TextOut Arial, 25, 137, 1010, 5
TextOut Arial, 25, 166, 1097, 6
TextOut Arial, 25, 232, 1142, 7
TextOut Arial, 25, 369, 1106, 8
TextOut Arial, 25, 348, 1032, 9
TextOut Arial, 25, 743, 421, 10
TextOut Arial, 25, 199, 271, 11
TextOut Arial, 25, 138, 149, 12
TextOut Arial, 25, 52, 189, 13
TextOut Arial, 25, 1055, 876, 1
TextOut Arial, 25, 915, 1141, 2
TextOut Arial, 25, 819, 929, 3
