Size 1260x1150

; пути

BrushColor 046434
Polygon 297,261, 297,711, 267,711, 267,261
Polygon 187,261, 187,711, 157,711, 157,261

PenColor 046434
BrushColor -1
AngleTextOut -90, Arial, 20, 321, 262, << Павелецкая
AngleTextOut -90, Arial, 20, 157, 573, Коломенская >>
AngleTextOut -90, Arial, 25, 239, 411, Автозаводская, 1

;инфосос
PenColor 34349C
BrushColor 34349C
Polygon 208,326, 208,330, 207,330, 207,326
PenColor FF0000
BrushColor FF0000
Polygon 208,322, 208,326, 207,326, 207,322

;инфосос
PenColor 34349C
BrushColor 34349C
Polygon 237,495, 241,495, 241,496, 237,496
PenColor FF0000
BrushColor FF0000
Polygon 233,495, 237,495, 237,496, 233,496


; левый вестибюль

PenColor 000000
Line 207,283, 207,305, 201,305, 201,261, 187,261
Line 267,261, 253,261, 253,305, 247,305, 247,283
Line 82,43, 82,83, 169,83, 169,79, 286,79, 286,83, 344,83
Line 344,101, 285,101, 285,106, 281,106, 281,115, 285,115, 285,193, 249,193, 249,204, 247,204
Line 64,43, 64,101, 169,101, 169,106, 173,106, 173,115, 169,115, 169,193, 205,193, 205,204, 207,204
Line 344,87, 302,87, 0.5
Line 68,43, 68,83, 0.5
Stairs 342,87, 342,101, 304,87
Stairs 82,45, 68,45, 82,83
Stairs 257,115, 257,193, 248,115
Stairs 197,115, 197,193, 206,115

BrushColor D0D0D0
Polygon 258,106, 258,115, 196,115, 196,106

; эскалатор 3 гор
PenColor 7F7F7F
Stairs 210,276, 244,276, 210,205
PenColor 000000
BrushColor 9B5509
Polygon 244,283, 244,200, 247,200, 247,283
Polygon 236,283, 231,283, 231,200, 236,200
Polygon 223,283, 218,283, 218,200, 223,200
Polygon 210,283, 210,200, 207,200, 207,283

; кассы
BrushColor -1
Line 169,183, 196,183, 196,193
AngleTextOut 0, Arial, 10, 170, 181, кассы

; турникеты
BrushColor -1
Line 196,183, 208,171, 0.5
Polygon 235,141, 239,145, 243,141, 239,137
Line 281,141, 285,141, 0.5
Line 261,141, 243,141, 0.5
PenColor 009900
Stairs 207,170, 210,173, 233,144
PenColor FF0000
Stairs 261,139, 261,143, 282,139

; стрелки
PenColor FF0000
Arrow 271,159, 271,147
PenColor 009900
Arrow 216,137, 225,146


; правый вестибюль

PenColor 000000
Line 247,690, 247,666, 252,666, 252,711, 267,711
Line 207,690, 207,666, 201,666, 201,711, 187,711
Line 161,798, 161,809
Line 161,853, 161,874
Line 140,789, 132,797, 119,784
Line 87,816, 100,829, 86,843
Line 59,777, 54,782, 69,797
Line 81,755, 86,750, 101,765
Line 75,761, 65,771
Line 161,853, 184,853
Line 161,809, 185,809
Spline 101,765, 111,762, 120,766, 123,775, 119,784
Spline 69,797, 65,807, 69,816, 78,820, 87,816
Spline 140,789, 150,796, 161,798
Spline 86,843, 121,866, 161,874
Spline 184,853, 203,874, 233,881, 262,867, 277,837, 269,805, 247,787
Spline 207,788, 194,797, 185,809

; эскалатор 3 гор
PenColor 7F7F7F
Stairs 210,798, 244,798, 210,695
PenColor 000000
BrushColor 9B5509
Polygon 244,805, 244,690, 247,690, 247,805
Polygon 236,805, 231,805, 231,690, 236,690
Polygon 223,805, 218,805, 218,690, 223,690
Polygon 210,805, 210,690, 207,690, 207,805

; кассы
BrushColor -1
Line 161,874, 160,883, 132,880, 133,870
AngleTextOut -7, Arial, 10, 135, 869, кассы

; турникеты
BrushColor -1
Line 197,870, 218,849, 0.5
Line 200,829, 193,831, 160,831, 139,827, 120,816, 70,766, 0.5
Polygon 203,833, 207,830, 204,826, 200,829
PenColor 009900
Stairs 216,850, 219,848, 206,836
PenColor FF0000
Stairs 198,825, 201,823, 186,808

; стрелки
PenColor FF0000
Arrow 92,771, 82,761
Arrow 213,812, 203,819
PenColor 009900
Arrow 65,778, 75,788
Arrow 197,851, 207,844

;инфосос
PenColor 34349C
BrushColor 34349C
Polygon 195,862, 192,859, 191,860, 194,863
PenColor FF0000
BrushColor FF0000
Polygon 198,865, 195,862, 194,863, 197,866


; Названия улиц голубым
PenColor 00AFAF
BrushColor -1
AngleTextOut 45, Arial, 15, 12, 744, Автозаводская улица
AngleTextOut -45, Arial, 15, 360, 846, уличный переход 350м
AngleTextOut -90, Arial, 15, 129, 304, улица Мастеркова
Arrow 80,735, 143,672, 590,1119, 709,1000

; Выходы

PenColor FFD900
BrushColor 615F56
SpotRect 15, 771, 30, 30, ShowMessage Выход №1
SpotRect 316, 46, 30, 30
SpotRect 20, 25, 30, 30
BrushColor -1
TextOut Arial, 25, 23, 772, 1
TextOut Arial, 25, 324, 47, 2
TextOut Arial, 25, 28, 26, 3


===========================================

МЦК

; островная

PenColor 000000
Line 755,933, 771,917, 722,868, 694,896, 891,1093, 990,1093
Line 743,945, 735,953
Line 885,1021, 913,993
Line 898,1034, 927,1005
Line 906,1057, 862,1013, 1196,679, 1240,723, 906,1057
Line 950,1097, 990,1097, 0.5
Line 989,1089, 948,1089, 0.5
Line 811,1003, 793,985, 0.5
Line 813,1001, 795,983, 0.5
Line 732,928, 710,906, 0.5
Line 755,907, 733,885, 0.5
Line 732,950, 740,942, 0.5
Stairs 952,1110, 952,1097, 990,1110
Stairs 986,1075, 986,1089, 948,1075
Stairs 912,994, 925,1007, 885,1021
Stairs 711,907, 720,898, 732,928
Stairs 745,915, 754,906, 723,893
Stairs 795,997, 800,992, 788,990
Stairs 807,985, 802,990, 800,978
Stairs 733,949, 724,940, 739,943


Opaque 70
PenColor FFFFFF
BrushColor FFFFFF
Polygon 914,991, 899,1006, 913,1020, 929,1005
Polygon 864,1019, 868,1015, 902,1051, 900,1053
Opaque 100

Line 885,1021, 883,1019, 897,1005, 914,1022, 900,1036, 898,1034
Line 929,978, 906,976, 852,1030, 718,896, 722,892, 747,917, 743,921
Line 731,933, 723,941
Line 932,1093, 932,1110, 1008,1110, 1008,1075, 898,1075, 888,1065, 942,1011, 941,990
Line 1008,1077, 1014,1077
Line 1008,1089, 1014,1089


;Пути
PenColor DE7272
Line 1182,679, 931,930, 20
Line 1240,737, 989,988, 20
PenColor D56060
Dashed 1182,679, 931,930, 13
Dashed 1240,737, 989,988, 13
PenColor 000000

BrushColor -1
PenColor DE7272
AngleTextOut 45, Arial, 25, 1013, 878, Автозаводская (МЦК), 1
AngleTextOut 45, Arial, 20, 932, 941, << ЗИЛ
AngleTextOut 45, Arial, 20, 1143, 789, Дубровка >>

; эскалатор 2 гор
PenColor 7F7F7F
Stairs 955,972, 947,964, 933,994
PenColor 000000
BrushColor 9B5509
Polygon 950,961, 923,988, 921,986, 948,959
Polygon 953,964, 955,966, 928,993, 926,991
Polygon 958,969, 931,996, 933,998, 960,971

;лифт
PenColor 000000
BrushColor D0EFFF
Polygon 875,1053, 865,1043, 875,1033, 885,1043
BrushColor -1
AngleTextOut 45, Arial, 6, 868, 1045, лифт

; турникеты
PenColor 009900
Stairs 886,1062, 888,1060, 877,1053
PenColor FF0000
Stairs 856,1031, 858,1029, 865,1040

;стрелки
PenColor FF0000
Arrow 877,1016, 869,1024
PenColor 009900
Arrow 893,1051, 902,1042

PenColor D0D0D0
BrushColor -1
Polygon 889,1069, 848,1028, 948,955, 964,971

;инфососы
PenColor 94949C
BrushColor 94949C
Polygon 987,932, 984,929, 983,930, 986,933
PenColor FF0000
BrushColor FF0000
Polygon 990,935, 987,932, 986,933, 989,936

; Названия улиц голубым
PenColor 00AFAF
BrushColor -1
AngleTextOut 45, Arial, 15, 853, 926, Третье транспортное кольцо
AngleTextOut 45, Arial, 15, 818, 895, 1-й Кожуховский проезд

; Выходы
PenColor FFD900
BrushColor 615F56
SpotRect 1022, 1076, 30, 30, ShowMessage Выход №1
SpotRect 722, 965, 30, 30
BrushColor -1
TextOut Arial, 25, 1030, 1077, 1
TextOut Arial, 25, 730, 966, 2
