Size 460x500

Angle -30

PenColor F5F5F5
Line -16,113, 408,113, 31



; МЦК островная

PenColor 000000
Line 203,189, 269,189, 269,279, 312,279, 312,295, 352,295
Line 352,313, 312,313, 312,328, 269,328, 269,401, 203,401
Line 203,383, 243,383, 243,328, 205,328, 205,313, 165,313
Line 165,295, 205,295, 205,279, 243,279, 243,207, 203,207
Line 203,193, 243,193, 0.5
Line 203,397, 243,397, 0.5
Line 312,309, 352,309, 0.5
Line 165,309, 205,309, 0.5
Stairs 205,193, 205,207, 243,193
Stairs 167,309, 167,295, 205,309
Stairs 350,295, 350,309, 312,295
Stairs 205,397, 205,383, 243,397

PenColor D0D0D0
Line 160,93, 156,93, 156,133, 160,133
Line 160,83, 156,83, 156,80
Line 160,143, 156,143, 156,146
Line 138,80, 138,147

PenColor 000000
Line 198,153, 258,153, 258,133, 160,133, 160,143, 247,143
Line 198,73, 258,73, 258,93, 160,93, 160,83, 247,83
Line 138,175, 138,147, 156,147, 156,175
Line 138,52, 138,80, 156,80, 156,52
Stairs 138,173, 156,173, 138,147
Stairs 156,54, 138,54, 156,79

; турникеты
PenColor 009900
Stairs 239,325, 243,325, 239,303
Stairs 269,325, 273,325, 269,303
PenColor FF0000
Stairs 239,282, 243,282, 239,303
Stairs 269,282, 273,282, 269,303

; кассы
PenColor 000000
BrushColor -1
Line 269,358, 277,358, 277,386, 269,386
AngleTextOut 90, Arial, 10, 266, 384, кассы

;стрелки
PenColor FF0000
Arrow 292,292, 281,292
Arrow 217,292, 228,292
PenColor 009900
Arrow 281,315, 292,315
Arrow 228,311, 217,311

Opaque 70
PenColor FFFFFF
BrushColor FFFFFF
Polygon 325,294, 313,294, 313,278, 270,278, 270,252, 242,252, 242,278, 204,278, 204,294, 192,294, 192,314, 204,314, 204,329, 242,329, 242,356, 270,356, 270,329, 313,329, 313,314, 325,314
Opaque 100

Line 352,295, 352,293, 325,293, 325,315, 352,315, 352,313
Line 165,295, 165,293, 192,293, 192,315, 165,315, 165,313

;инфососы
PenColor 94949C
BrushColor 94949C
Polygon 112,304, 112,300, 110,300, 110,304
PenColor FF0000
BrushColor FF0000
Polygon 112,308, 112,304, 110,304, 110,308

;инфососы
PenColor 94949C
BrushColor 94949C
Polygon 417,303, 417,299, 415,299, 415,303
PenColor FF0000
BrushColor FF0000
Polygon 417,307, 417,303, 415,303, 415,307

;Пути
PenColor DE7272
Line 387,263, 32,263, 20
Line 492,345, 137,345, 20
PenColor D56060
Dashed 387,263, 32,263, 13
Dashed 492,345, 137,345, 13
PenColor 000000
Line 22,335, 22,273, 502,273, 502,335, 22,335

BrushColor -1
PenColor DE7272
AngleTextOut 0, Arial, 25, 186, 219, Белокаменная (МЦК), 1
AngleTextOut 0, Arial, 20, 24, 230, << Ростокино
AngleTextOut 0, Arial, 20, 281, 354, Бульвар Рокоссовского >>

; Названия улиц голубым
PenColor 00AFAF
BrushColor -1
AngleTextOut 0, Arial, 15, 171, 103, МСД

PenColor 00AFAF
AngleTextOut 0, Arial, 15, 137, 21, парк Лосиный Остров
AngleTextOut 0, Arial, 15, 157, 484, парк Лосиный Остров

Angle 30


; Выходы
PenColor FFD900
BrushColor 615F56
SpotRect 113, 380, 30, 30, ShowMessage Выход №1
SpotRect 193, 167, 30, 30
BrushColor -1
TextOut Arial, 25, 121, 381, 1
TextOut Arial, 25, 201, 168, 2
