Size 930x1220

; Улицы
PenColor F5F5F5
Line -754,150, -533,168, 169,86, 669,74, 767,57, 30
Line -627,-80, -540,164, -416,293, -333,1400, 30
Line -416,293, 655,276, 669,74, 670,-91, 30
Line -386,712, 776,1080, 30

; Названия улиц голубым
PenColor 00AFAF
BrushColor -1
AngleTextOut 6.5, Arial, 15, -25, 95, проезд Серебрякова
AngleTextOut -3.5, Arial, 15, -694, 148, к Березовой аллее
AngleTextOut 90.5, Arial, 15, 652, 228, Снежная улица
AngleTextOut -17.5, Arial, 15, 327, 924, улица Леонова
AngleTextOut -86.5, Arial, 15, -347, 999, улица Вильгельма Пика
AngleTextOut -69.5, Arial, 15, -584, 9, 1-й Ботанический пр-д
Arrow -81,114, -105,117
Arrow -88,288, -67,288
Dashed 587,323, 588,317, 253,317, 253,334

;==========================================

; Метро

Angle 70

; пути
PenColor 000000
BrushColor FC9C54
Polygon 540,506, 540,536, 91,536, 91,506
Polygon 540,397, 540,427, 91,427, 91,397

BrushColor -1
PenColor F7782E
AngleTextOut 0, Arial, 20, 424, 533, Свиблово >>
AngleTextOut 0, Arial, 20, 94, 373, << ВДНХ
AngleTextOut 0, Arial, 25, 220, 448, Ботанический сад, 1


; левый вестибюль

PenColor 000000
Line 91,506, 91,489, 35,489, 35,486
Line 35,446, 35,443, 91,443, 91,427

;BrushColor -1
;PenColor FF0000
;Ellipse -264,414, -114,564
;Ellipse -249,429, -129,549

PenColor 000000
Line -155,403, -152,406
Line -174,422, -171,425
Line -174,509, -171,506
Line -157,526, -154,523
Spline -155,403, -117,391, -80,399, -54,421, -42,446
Spline -174,422, -186,449, -187,479, -174,509
Spline -157,526, -118,540, -80,532, -56,512, -42,486

PenColor FFFFFF
BrushColor FFFFFF
;Polygon 209,946, 219,957, 238,939, 226,927
;Polygon 209,1042, 221,1035, 236,1050, 224,1060

; эскалатор 3 гор
PenColor 7F7F7F
Stairs 37,483, 37,449, -90,483
PenColor 000000
BrushColor 9B5509
Polygon 44,449, -94,449, -94,446, 44,446
Polygon 44,457, 44,462, -94,462, -94,457
Polygon 44,470, 44,475, -94,475, -94,470
Polygon 44,483, -94,483, -94,486, 44,486

; кассы
BrushColor -1
PenColor 000000
Line -62,412, -73,422
Spline -73,422, -88,412, -107,406
Line -107,406, -106,392
AngleTextOut -26, Arial, 10, -93, 394, кассы

; турникеты
BrushColor -1
Line -111,438, -109,436, -94,447, 0.5
Line -94,470, -143,470, -177,504, 0.5
Line -88,486, -106,504, -108,502

; Турникеты
PenColor 000000
BrushColor 0000FF
PenColor 009900
Stairs -113,437, -110,440, -143,468
PenColor FF0000
Stairs -110,504, -107,501, -143,473

; стрелки
PenColor FF0000
Arrow -162,513, -171,522
PenColor 009900
Arrow -161,417, -151,427


; правый вестибюль

PenColor 000000
Line 540,427, 540,447, 640,447, 640,453, 684,453, 684,426, 750,426, 750,398, 668,398, 643,330
Line 540,506, 540,486, 639,486, 639,480, 684,480, 684,507, 773,507, 773,398, 957,398, 975,392, 988,428
Line 660,324, 678,374, 820,374, 801,322, 785,328, 799,367
Line 784,372, 764,318, 795,307, 777,258
Line 794,252, 838,374, 949,374, 966,368, 953,332
Line 970,326, 1005,422
Line 962,329, 975,366, 0.5
Line 977,389, 991,427, 0.5
Line 791,253, 805,292, 0.5
Line 646,330, 660,369, 0.5
Stairs 983,362, 966,368, 970,326
Stairs 978,391, 992,386, 991,427
Stairs 673,361, 659,366, 660,325
Stairs 681,453, 681,480, 644,453
Stairs 778,261, 792,256, 791,297


BrushColor D0D0D0
Polygon 740,442, 749,442, 749,493, 740,493

; кассы
BrushColor -1
Line 692,426, 692,453, 684,453
AngleTextOut -90, Arial, 10, 695, 427, кассы

; турникеты
BrushColor -1
Line 704,453, 692,453, 0.5
Line 715,484, 740,484, 0.5
PenColor 009900
Stairs 703,454, 706,453, 714,486

; стрелки
PenColor FF0000
Arrow 735,500, 749,500
PenColor 009900
Arrow 713,461, 699,466

Angle -70

;==========================================

; МЦК береговая

Angle -5

PenColor 000000
Line 554,314, 554,372, 598,372, 598,395, 582,395, 582,401, 540,401
Line 540,419, 582,419, 582,425, 598,425, 598,485, 582,485, 582,492, 540,492
Line 540,510, 582,510, 582,515, 598,515, 598,555
Line 572,314, 572,354, 577,354, 577,345, 586,345, 586,354, 642,354, 642,341, 664,341, 664,372, 616,372, 616,395, 629,395, 629,401, 656,401
Line 637,420, 629,420, 629,425, 616,425, 616,485, 629,485, 629,491, 637,491
Line 656,510, 629,510, 629,515, 616,515, 616,555
Line 540,506, 580,506, 0.5
Line 540,405, 580,405, 0.5
Line 568,314, 568,354, 0.5
Line 603,515, 603,555, 0.5

Stairs 568,316, 554,316, 568,354
Stairs 542,419, 542,405, 580,419
Stairs 542,506, 542,492, 580,506
Stairs 616,553, 603,553, 616,515

; эскалатор 2 гор
PenColor 7F7F7F
Stairs 642,404, 642,417, 677,404
PenColor 000000
BrushColor 9B5509
Polygon 681,404, 637,404, 637,401, 681,401
Polygon 681,409, 681,412, 637,412, 637,409
Polygon 681,417, 637,417, 637,420, 681,420

; эскалатор 2 гор
PenColor 7F7F7F
Stairs 642,494, 642,507, 677,495
PenColor 000000
BrushColor 9B5509
Polygon 681,494, 637,494, 637,491, 681,491
Polygon 681,499, 681,502, 637,502, 637,499
Polygon 681,507, 637,507, 637,510, 681,510

; турникеты
PenColor 009900
Stairs 621,408, 625,408, 621,395
PenColor FF0000
Stairs 621,412, 625,412, 621,425

; турникеты
PenColor 009900
Stairs 589,408, 593,408, 589,395
PenColor FF0000
Stairs 589,412, 593,412, 589,425

; турникеты
PenColor 009900
Stairs 621,502, 625,502, 621,515
PenColor FF0000
Stairs 621,498, 625,498, 621,485

; турникеты
PenColor 009900
Stairs 589,502, 593,502, 589,515
PenColor FF0000
Stairs 589,498, 593,498, 589,485

;инфосос
PenColor 94949C
BrushColor 94949C
Polygon 733,503, 733,499, 731,499, 731,503
PenColor FF0000
BrushColor FF0000
Polygon 733,507, 733,503, 731,503, 731,507

;инфосос
PenColor 94949C
BrushColor 94949C
Polygon 733,412, 733,408, 731,408, 731,412
PenColor FF0000
BrushColor FF0000
Polygon 733,416, 733,412, 731,412, 731,416

;инфосос
PenColor 94949C
BrushColor 94949C
Polygon 502,412, 502,408, 500,408, 500,412
PenColor FF0000
BrushColor FF0000
Polygon 502,416, 502,412, 500,412, 500,416

;инфосос
PenColor 94949C
BrushColor 94949C
Polygon 502,503, 502,499, 500,499, 500,503
PenColor FF0000
BrushColor FF0000
Polygon 502,507, 502,503, 500,503, 500,507



; туалет
PenColor 000000
BrushColor -1
Polygon 643,332, 673,332, 673,341, 643,341
Polygon 664,341, 673,341, 673,372, 664,372
AngleTextOut 0, Arial, 10, 645, 330, Кассы
AngleTextOut 90, Arial, 10, 662, 370, Кассы

Opaque 70
PenColor FFFFFF
BrushColor FFFFFF
Polygon 559,398, 663,398, 664,513, 559,513
Opaque 100

Line 681,401, 681,399, 664,399, 664,422, 681,422, 681,420
Line 681,491, 681,489, 664,489, 664,512, 681,512, 681,510
Line 540,492, 540,490, 559,490, 559,512, 540,512, 540,510
Line 540,401, 540,399, 559,399, 559,421, 540,421, 540,419

;Пути
PenColor DE7272
Line 786,444, 431,444, 20
Line 837,466, 482,466, 20
PenColor D56060
Dashed 786,444, 431,444, 13
Dashed 837,466, 482,466, 13
PenColor 000000
Line 421,512, 421,476, 847,476, 847,512, 421,512
Line 421,434, 421,399, 847,399, 847,434, 421,434

BrushColor -1
PenColor DE7272
AngleTextOut 0, Arial, 20, 422, 411, << Владыкино
AngleTextOut 0, Arial, 20, 729, 473, Ростокино >>
PenColor 000000
AngleTextOut 0, Arial, 25, 501, 437, Ботанический сад (МЦК), 1
PenColor FFFFFF
AngleTextOut 0, Arial, 25, 500, 436, Ботанический сад (МЦК), 1

Angle 5

;==========================================

; Выходы
PenColor FFD900
BrushColor 615F56
SpotRect 259, 353, 30, 30, ShowMessage Выход №1
SpotRect 301, 232, 30, 30
SpotRect 234, 201, 30, 30
SpotRect 332, 26, 30, 30
SpotRect 480, 27, 30, 30
SpotRect 606, 326, 30, 30
SpotRect 565, 538, 30, 30
SpotRect 78, 1181, 30, 30
BrushColor -1
TextOut Arial, 25, 267, 354, 2
TextOut Arial, 25, 309, 233, 4
TextOut Arial, 25, 242, 202, 3
TextOut Arial, 25, 340, 27, 5
TextOut Arial, 25, 488, 28, 6
TextOut Arial, 25, 614, 327, 7
TextOut Arial, 25, 573, 539, 8
TextOut Arial, 25, 86, 1182, 1
