Size 690x1020

Angle 90

===================================

; Метро

; пути

BrushColor E41C0C
Polygon 196,282, 646,282, 646,312, 196,312
Polygon 196,392, 646,392, 646,422, 196,422

PenColor E41C0C
BrushColor -1
AngleTextOut 0, Arial, 20, 198, 257, << Преображенская площадь
AngleTextOut 0, Arial, 20, 418, 422, Бульвар Рокоссовского >>
AngleTextOut 0, Arial, 25, 345, 337, Черкизовская, 1

; левый вестибюль

;Здания беж
PenColor DFDFDF
BrushColor FEFBF1
Polygon -44,264, 140,264, 140,404, -44,404

PenColor 000000
BrushColor D0D0D0
Polygon 81,271, 81,264, 140,264, 140,338, 127,338, 127,336, 88,297, 88,271
Polygon 21,264, -44,264, -44,404, 21,404, 21,397, 14,397, 14,369, 5,360, -14,379, -33,360, -25,352, -33,344, 14,297, 14,271, 21,271
Polygon 81,404, 140,404, 140,367, 127,367, 127,369, 108,369, 88,389, 88,397, 81,397


PenColor 000000
Line 196,312, 196,338, 186,338
Line 196,392, 196,367, 186,367
Line 81,404, 78,404
Line 81,264, 78,264
Line 24,264, 21,264
Line 21,404, 24,404, 24,662, 1,662, 1,668, -66,668, -66,671
Line -67,680, -67,683, 1,683, 1,689, 24,689, 24,768, -33,768, -33,846, 13,846
Line 147,671, 147,667, 71,667, 71,662, 34,662, 34,602, 54,602, 54,599, 205,599, 205,576, 54,576, 54,573, 34,573, 34,516, 184,516
Line 147,680, 147,684, 71,684, 71,689, 34,689, 34,768, 92,768, 92,846, 58,846
Line 196,516, 205,516, 205,484, 114,484, 114,480

Line 51,264, 51,271
Line 49,271, 53,271
Line 34,264, 67,264
Line 81,271, 63,271
Line 21,271, 39,271

Line 51,397, 51,404
Line 49,397, 53,397
Line 104,480, 104,484, 34,484, 34,404, 67,404
Line 21,397, 39,397
Line 81,397, 63,397

Stairs 86,486, 86,492, 51,486

; эскалатор 2 гор
PenColor 7F7F7F
Stairs 69,581, 69,594, 104,581
PenColor 000000
BrushColor 9B5509
Polygon 108,581, 64,581, 64,578, 108,578
Polygon 108,586, 108,589, 64,589, 64,586
Polygon 108,594, 64,594, 64,597, 108,597

; эскалатор 2 гор
PenColor 7F7F7F
Stairs 51,498, 51,511, 86,498
PenColor 000000
BrushColor 9B5509
Polygon 90,498, 46,498, 46,495, 90,495
Polygon 90,503, 90,506, 46,506, 46,503
Polygon 90,511, 46,511, 46,514, 90,514

; эскалатор 3 гор
PenColor 7F7F7F
Stairs 182,364, 182,341, 124,364
PenColor 000000
BrushColor 9B5509
Polygon 186,341, 120,341, 120,338, 186,338
Polygon 186,347, 186,350, 120,350, 120,347
Polygon 186,356, 186,359, 120,359, 120,356
Polygon 186,364, 120,364, 120,367, 186,367

; кассы
BrushColor FFFFFF
Polygon -10,321, -17,314, 4,293, 11,300
BrushColor -1
AngleTextOut -135, Arial, 10, 11, 303, кассы

; турникеты
BrushColor -1
Line -25,336, 7,336, 15,328, 0.5
Polygon 15,325, 15,331, 21,331, 21,325
Polygon 104,331, 98,331, 98,325, 104,325
Line 104,325, 110,319, 0.5
Line 83,374, 93,384, 0.5
PenColor 009900
Stairs 95,333, 91,333, 95,349
PenColor FF0000
Stairs 95,355, 91,355, 95,373

; стрелки
PenColor FF0000
Arrow 52,353, 52,366
Arrow 114,361, 99,361
PenColor 009900
Arrow 52,293, 52,305
Arrow 99,343, 114,343

;инфосос
PenColor 34349C
BrushColor 34349C
Polygon 98,373, 95,376, 96,377, 99,374
PenColor FF0000
BrushColor FF0000
Polygon 101,370, 98,373, 99,374, 102,371


; правый вестибюль

PenColor 000000
Line 646,312, 646,336, 696,336, 696,310, 766,310, 766,248, 724,248
Line 724,230, 842,230
Line 842,248, 800,248, 800,310, 805,310, 805,394, 696,394, 696,368, 646,368, 646,392
Stairs 726,248, 726,230, 764,248
Stairs 840,248, 840,230, 802,248
Stairs 694,336, 694,368, 648,336

BrushColor D0D0D0
Polygon 759,377, 759,327, 766,327, 766,377

; кассы
BrushColor -1
Line 696,336, 703,336, 703,310
AngleTextOut -90, Arial, 10, 706, 311, кассы

; турникеты
BrushColor -1
Line 703,336, 717,336, 0.5
Polygon 740,355, 736,359, 740,363, 744,359
Line 740,389, 740,394, 0.5
Line 744,359, 759,359, 0.5
PenColor 009900
Stairs 719,335, 716,338, 738,354
PenColor FF0000
Stairs 742,365, 738,365, 742,390

; стрелки
PenColor FF0000
Arrow 718,383, 730,383
PenColor 009900
Arrow 736,326, 727,335

;инфосос
PenColor 34349C
BrushColor 34349C
Polygon 721,367, 717,367, 717,368, 721,368
PenColor FF0000
BrushColor FF0000
Polygon 725,367, 721,367, 721,368, 725,368


; Названия улиц голубым
PenColor 00AFAF
BrushColor -1
AngleTextOut -70, Arial, 15, -150, 259, Большая Черкизовская улица
AngleTextOut -70, Arial, 15, -57, 508, Щёлковское шоссе
AngleTextOut 0, Arial, 15, 211, 432, Окружной проезд
AngleTextOut 0, Arial, 15, 680, 172, 'гостиница "Локомотив" >>'
AngleTextOut 0, Arial, 15, 220, 84, 'стадион "Локомотив"'

PenColor 000000
AngleTextOut 0, Arial, 15, -27, 792, Восточный вокзал

=====================================
; МЦК береговая

;Пути
PenColor DE7272
Line 496,541, 141,541, 20
Line 496,563, 141,563, 20
PenColor D56060
Dashed 496,541, 141,541, 13
Dashed 496,563, 141,563, 13

BrushColor -1
PenColor DE7272
AngleTextOut 0, Arial, 20, 143, 512, << Измайлово
AngleTextOut 0, Arial, 20, 353, 578, Бульвар Рокоссовского >>
PenColor 000000
AngleTextOut 0, Arial, 25, 229, 538, Локомотив (МЦК), 1
PenColor FFFFFF
AngleTextOut 0, Arial, 25, 228, 537, Локомотив (МЦК), 1

=====================================
; Восточный

PenColor 000000
Line 34,670, 58,670
Line 34,682, 58,682
Line 25,670, 5,670
Line 25,682, 5,682
Stairs 36,670, 36,682, 57,670
Stairs 23,670, 23,682, 6,670

Arrow -71,674, -86,674
Arrow 173,677, 156,677

PenColor D0D0D0
Railway 10, 14, 4, 624,629, -225,629
Railway 10, 14, 4, 624,717, -225,717
Railway 10, 14, 4, 624,758, -225,758

; эскалатор 1 гор
PenColor 7F7F7F
Stairs 95,673, 95,678, 130,673
PenColor 000000
BrushColor 9B5509
Polygon 134,673, 90,673, 90,670, 134,670
Polygon 134,678, 90,678, 90,681, 134,681

; эскалатор 1 гор
PenColor 7F7F7F
Stairs -56,673, -56,678, -21,673
PenColor 000000
BrushColor 9B5509
Polygon -17,673, -61,673, -61,670, -17,670
Polygon -17,678, -61,678, -61,681, -17,681


=====================================

; Выходы
Angle -90
PenColor FFD900
BrushColor 615F56
SpotRect 249, 767, 30, 30, ShowMessage Выход №1
SpotRect 282, 721, 30, 30
SpotRect 679, 806, 30, 30
SpotRect 31, 118, 30, 30
SpotRect 30, 4, 30, 30
BrushColor -1
TextOut Arial, 25, 257, 768, 1
TextOut Arial, 25, 290, 722, 2
TextOut Arial, 25, 687, 807, 3
TextOut Arial, 25, 39, 119, 4
TextOut Arial, 25, 38, 5, 5
