Size 340x480

; ====================================================

Angle -75

; нижний уровень

PenColor CCCCCC
BrushColor CCCCCC
Polygon 7,236, 7,208, -33,208, -33,190, -53,191, -54,223, -63,223, -63,236
Polygon 25,236, 25,208, 140,208, 130,190, 206,190, 206,208, 293,208, 293,236
Polygon 311,236, 311,208, 358,208, 358,190, 373,190, 373,223, 387,223, 387,236
Polygon 387,299, 387,314, 375,314, 375,345, 351,345, 351,327, 311,327, 311,299
Polygon 293,299, 293,327, 253,327, 253,345, 65,345, 65,327, 25,327, 25,299
Polygon -63,299, 7,299, 7,327, -33,327, -33,345, -52,345, -52,314, -63,314


;Пути
PenColor 000000
BrushColor 30D5C8
Polygon -63,266, -63,236, 387,236, 387,266
Polygon -63,299, -63,269, 387,269, 387,299
Line -63,266, -63,269
Line 387,266, 387,269

PenColor CBCBCB
BrushColor D4F6F3
Polygon 311,236, 293,236, 293,266, 311,266
Polygon 311,269, 293,269, 293,299, 311,299
Polygon 25,236, 7,236, 7,266, 25,266
Polygon 25,269, 7,269, 7,299, 25,299

; платформы
PenColor 000000
Line -63,236, -63,223, -54,223, -54,190, 7,190
Line 25,190, 293,190
Line 311,190, 373,190, 373,223, 387,223, 387,236
Line 387,299, 387,314, 375,314, 375,345, -52,345, -52,314, -63,314, -63,299

Line 293,190, 293,186, 278,186, 278,183
Line 311,190, 311,156, 278,156, 278,159
Line 278,156, 255,156
Line 7,190, 7,156, 89,156, 89,159
Line 25,190, 25,186, 89,186, 89,183
Line 105,156, 89,156

; эскалатор 3 гор
PenColor 7F7F7F
Stairs 131,180, 131,162, 86,180
PenColor 000000
BrushColor 9B5509
Polygon 138,159, 138,162, 81,162, 81,159
Polygon 138,166, 138,169, 81,169, 81,166
Polygon 138,173, 138,176, 81,176, 81,173
Polygon 138,180, 81,180, 81,183, 138,183

; эскалатор 3 гор
PenColor 7F7F7F
Stairs 280,180, 280,162, 231,180
PenColor 000000
BrushColor 9B5509
Polygon 287,159, 287,162, 227,162, 227,159
Polygon 287,166, 287,169, 227,169, 227,166
Polygon 287,173, 287,176, 227,176, 227,173
Polygon 287,180, 227,180, 227,183, 287,183


;лесенки
Line 65,327, 25,327, 25,208, 140,208
Line -33,327, 7,327, 7,208, -33,208
Line 351,327, 311,327, 311,208, 358,208
Line 253,327, 293,327, 293,208, 206,208
Stairs 349,345, 349,327, 311,345
Stairs 255,345, 255,327, 293,345
Stairs 356,208, 356,190, 323,208
Stairs 208,208, 208,190, 246,208
Stairs 139,208, 139,190, 101,208
Stairs -31,208, -31,190, 7,208
Stairs 63,345, 63,327, 25,345
Stairs -31,345, -31,327, 7,345

;инфососы
PenColor 94949C
BrushColor 94949C
Polygon 193,195, 198,195, 198,193, 193,193
Polygon 190,343, 185,343, 185,341, 190,341
PenColor FF0000
BrushColor FF0000
Polygon 188,195, 193,195, 193,193, 188,193
Polygon 195,343, 190,343, 190,341, 195,341

; полупрозрачный уровень

Opaque 60
;PenColor FFFFFF
BrushColor D0D0D0
PenColor D0D0D0
Polygon -63,236, -63,223, -54,223, -54,190, 7,190, 7,156, 105,156, 105,189, 255,188, 255,156, 311,156, 311,190, 373,190, 373,223, 387,223, 387,236
Polygon 387,299, 387,314, 375,314, 375,345, -52,345, -52,314, -63,314, -63,299
Polygon 25,236, 7,236, 7,299, 25,299
Polygon 311,236, 293,236, 293,299, 311,299
Opaque 100
Opaque 80
PenColor FFFFFF
BrushColor FFFFFF
Polygon 140,155, 225,155, 225,187, 220,187, 220,243, 235,243, 235,234, 280,234, 280,243, 337,243, 337,292, 280,292, 281,302, 235,301, 235,292, 203,292, 203,301, 173,301, 173,292, 145,292, 145,312, 162,312, 162,343, 128,343, 128,185, 140,185
PenColor 505050
Line 333,287, 338,287, 338,293, 281,293, 281,302, 234,302, 234,293, 204,293, 204,302, 172,302, 172,293, 146,293, 146,311, 163,311, 163,344, 127,344, 127,188, 103,188, 103,154, 257,154, 257,188, 221,188, 221,242, 234,242, 234,233, 281,233, 281,242, 338,242, 338,248, 333,248, 5
Opaque 100

; верхний уровень


PenColor 000000
Line 255,156, 105,156
Line 235,159, 235,156, 191,156, 191,174, 184,174, 184,171
Line 169,171, 169,174, 161,174, 161,156, 129,156, 129,159
Line 191,185, 191,189, 161,189, 161,185
Line 129,183, 129,327
Line 144,342, 161,342, 161,313, 144,313, 144,291, 236,291, 236,300, 279,300, 279,291, 336,291, 336,289, 333,289
Line 144,327, 146,327
Line 336,260, 331,260
Line 331,274, 336,274
Line 324,260, 285,260
Line 323,274, 286,274
Line 333,246, 336,246, 336,244, 279,244, 279,235, 236,235, 236,244, 219,244, 219,186, 235,186, 235,183
Line 324,252, 285,252, 0.5
Line 322,288, 286,288, 0.5
BrushColor D0D0D0
Polygon 219,263, 236,263, 236,272, 219,272
Stairs 289,260, 289,244, 322,260
Stairs 288,274, 288,288, 322,274
PenColor D0D0D0
Line 191,174, 191,185
Line 161,185, 161,174
Line 184,175, 184,188
Line 169,175, 169,188

; кассы
PenColor 000000
BrushColor FFFFFF
Polygon 174,291, 202,291, 202,300, 174,300
BrushColor -1
AngleTextOut 0, Arial, 10, 176, 288, кассы

; турникеты
PenColor 000000
Line 147,271, 147,290, 0.5
PenColor 009900
Stairs 150,269, 150,273, 216,269
PenColor FF0000
Stairs 224,259, 220,259, 224,245

;лифт
PenColor 000000
BrushColor D0EFFF
Polygon 290,274, 290,260, 305,260, 305,274
BrushColor -1
AngleTextOut 0, Arial, 6, 291, 263, лифт

;лифт
PenColor 000000
BrushColor D0EFFF
Polygon 169,171, 169,156, 184,156, 184,171
BrushColor -1
AngleTextOut 0, Arial, 6, 170, 160, лифт

;лифт
PenColor 000000
BrushColor D0EFFF
Polygon 129,342, 129,327, 144,327, 144,342
BrushColor -1
AngleTextOut 0, Arial, 6, 130, 331, лифт

;стрелки
PenColor FF0000
Arrow 304,187, 304,170, 291,170
Arrow 199,236, 199,253, 213,253
Arrow 212,170, 199,170, 199,181
PenColor 009900
Arrow 254,283, 240,283
Arrow 31,170, 17,170, 17,186
Arrow 151,203, 151,190

; надписи
BrushColor -1
PenColor 000000
AngleTextOut 0, Arial, 25, -24, 248, Давыдково, 1
AngleTextOut 0, Arial, 20, -49, 212, << Кунцевская
AngleTextOut 0, Arial, 20, 182, 302, Аминьевская >>
PenColor 30D5C8
AngleTextOut 0, Arial, 20, -50, 211, << Кунцевская
AngleTextOut 0, Arial, 20, 181, 301, Аминьевская >>
PenColor FFFFFF
AngleTextOut 0, Arial, 25, -26, 247, Давыдково, 1
PenColor 000000
AngleTextOut 0, Arial, 10, 226, 210, нижний уровень
AngleTextOut 0, Arial, 10, 139, 210, верхний уровень

; Названия улиц голубым
PenColor 00AFAF
BrushColor -1
AngleTextOut 0, Arial, 15, 230, 113, Аминьевское шоссе

Angle 75

; Выходы
PenColor FFD900
BrushColor 615F56
SpotRect 196, 410, 30, 30, ShowMessage Выход №1
BrushColor -1
TextOut Arial, 25, 204, 411, 1
