Size 860x1300
Angle -40

; пути

BrushColor 046434
Polygon 433,795, 883,795, 883,825, 433,825
Polygon 433,905, 883,905, 883,935, 433,935

PenColor 046434
BrushColor -1
AngleTextOut 0, Arial, 20, 434, 771, << Аэропорт
AngleTextOut 0, Arial, 20, 748, 935, Белорусская >>
AngleTextOut 0, Arial, 25, 617, 850, Динамо, 1

;инфосос
PenColor 34349C
BrushColor 34349C
Polygon 509,838, 509,834, 510,834, 510,838
PenColor FF0000
BrushColor FF0000
Polygon 509,842, 509,838, 510,838, 510,842


; левый вестибюль

;Здания беж
BrushColor FEFBF1
PenColor CCCCCC
Polygon 245,799, 351,799, 351,842, 383,842, 383,888, 351,888, 351,931, 245,931

PenColor 000000
Line 433,825, 433,834, 505,834, 505,842, 461,842, 461,845
Line 363,845, 351,845, 351,799, 342,799, 342,807, 331,807, 331,810
Line 313,807, 317,807
Line 297,810, 297,807, 253,807, 253,846, 256,846
Line 253,857, 253,860
Line 253,871, 253,874
Line 256,887, 253,887, 253,923, 342,923, 342,931, 351,931, 351,885, 363,885
Line 461,885, 461,888, 505,888, 505,897, 433,897, 433,905

; эскалатор 3 гор
PenColor 7F7F7F
Stairs 463,882, 463,848, 368,882
PenColor 000000
BrushColor 9B5509
Polygon 470,848, 363,848, 363,845, 470,845
Polygon 470,856, 470,861, 363,861, 363,856
Polygon 470,869, 470,874, 363,874, 363,869
Polygon 470,882, 363,882, 363,885, 470,885

; кассы
BrushColor -1
Line 262,923, 262,896, 253,896
AngleTextOut 90, Arial, 10, 251, 922, кассы

; турникеты
BrushColor -1
Polygon 292,914, 298,914, 298,920, 292,920
Line 363,858, 303,858, 292,847, 292,807, 0.5
PenColor 009900
Stairs 293,909, 297,909, 293,850

; стрелки
PenColor FF0000
Arrow 314,829, 314,818
Arrow 510,855, 488,855
PenColor 009900
Arrow 305,875, 319,875
Arrow 488,874, 510,874

;инфосос
PenColor 34349C
BrushColor 34349C
Polygon 279,918, 275,918, 275,919, 279,919
PenColor FF0000
BrushColor FF0000
Polygon 283,918, 279,918, 279,919, 283,919


; правый вестибюль

;Здания беж
BrushColor FEFBF1
PenColor CCCCCC
Polygon 973,799, 1083,799, 1083,931, 973,931, 973,893, 941,893, 941,843, 973,843


PenColor 000000
Line 883,825, 883,835, 811,835, 811,844, 853,844, 853,847
Line 962,847, 981,847, 981,799, 990,799, 990,807, 1075,807, 1075,846, 1072,846
Line 1075,860, 1075,857
Line 1075,873, 1075,870
Line 1072,887, 1075,887, 1075,923, 1030,923, 1030,919
Line 1015,923, 1010,923
Line 994,919, 994,923, 989,923, 989,931, 981,931, 981,887, 962,887
Line 853,887, 853,890, 811,890, 811,897, 883,897, 883,905

; эскалатор 3 гор
PenColor 7F7F7F
Stairs 955,884, 955,850, 848,884
PenColor 000000
BrushColor 9B5509
Polygon 962,850, 843,850, 843,847, 962,847
Polygon 962,858, 962,863, 843,863, 843,858
Polygon 962,871, 962,876, 843,876, 843,871
Polygon 962,884, 843,884, 843,887, 962,887

; кассы
BrushColor -1
Line 1066,807, 1066,834, 1075,834
AngleTextOut 90, Arial, 10, 1064, 833, кассы

; турникеты
BrushColor -1
Polygon 1036,816, 1030,816, 1030,810, 1036,810
Line 962,872, 1025,872, 1036,883, 1036,923, 0.5
PenColor 009900
Stairs 1035,821, 1031,821, 1035,880

; стрелки
PenColor FF0000
Arrow 1006,887, 1006,899
Arrow 814,878, 829,878
PenColor 009900
Arrow 1022,851, 1006,851
Arrow 829,856, 814,856

;инфосос
PenColor 34349C
BrushColor 34349C
Polygon 1066,841, 1066,845, 1067,845, 1067,841
PenColor FF0000
BrushColor FF0000
Polygon 1066,837, 1066,841, 1067,841, 1067,837

=================================================

; БКЛ

; нижний уровень

; затемнение платформ
PenColor EEEEEE
BrushColor EEEEEE
Polygon 159,211, 154,211, 154,187, 139,187, 139,211, 135,211, 135,201, 104,201, 104,211, 100,211, 100,187, 85,187, 85,211, 81,211, 81,398, 109,398, 109,366, 131,366, 131,398, 159,398
Polygon 159,439, 131,439, 131,475, 109,475, 109,439, 81,439, 81,646, 101,646, 101,677, 136,677, 137,662, 152,662, 152,646, 159,646

; пути
PenColor 000000
BrushColor 30D5C8
Polygon 81,646, 51,646, 51,211, 81,211
Polygon 189,646, 159,646, 159,211, 189,211

Line 135,201, 135,211, 139,211, 139,187
Line 154,187, 154,211, 159,211
Line 104,201, 104,211, 100,211, 100,187
Line 85,187, 85,211, 81,211
Line 81,646, 101,646, 101,677
Line 138,648, 138,646, 136,646, 136,677

; эскалатор 4 верт
PenColor 7F7F7F
Stairs 107,195, 132,195, 107,149
PenColor 000000
BrushColor 9B5509
Polygon 104,201, 104,145, 107,145, 107,201
Polygon 111,201, 111,145, 114,145, 114,201
Polygon 118,201, 118,145, 121,145, 121,201
Polygon 125,201, 125,145, 128,145, 128,201
Polygon 132,201, 132,145, 135,145, 135,201

; эскалатор 4 верт
PenColor 7F7F7F
Stairs 104,727, 133,727, 104,680
PenColor 000000
BrushColor 9B5509
Polygon 101,733, 101,677, 104,677, 104,733
Polygon 109,733, 109,677, 112,677, 112,733
Polygon 117,733, 117,677, 120,677, 120,733
Polygon 125,733, 125,677, 128,677, 128,733
Polygon 133,733, 133,677, 136,677, 136,733

; полупрозрачный уровень

Opaque 80
PenColor FFFFFF
BrushColor FFFFFF
Polygon 155,187, 84,187, 84,206, 155,206
Polygon 190,398, 158,398, 158,416, 190,416
Polygon 190,439, 190,421, 158,421, 158,439
Polygon 82,416, 82,398, 50,398, 50,416
Polygon 82,439, 82,421, 50,421, 50,439
Polygon 100,662, 137,662, 138,701, 100,701
Polygon 580,794, 580,826, 598,826, 598,794
Polygon 622,794, 604,794, 604,826, 622,826
Polygon 645,794, 627,794, 627,826, 645,826
Polygon 82,622, 50,622, 50,640, 82,640
Polygon 190,622, 158,622, 158,640, 190,640
Opaque 100

; верхний уровень

BrushColor -1
Line 471,666, 471,662, 211,662, 211,187, 29,187, 29,701, 138,701
Line 153,701, 471,701, 471,697
Line 109,475, 109,439, 47,439, 47,622, 193,622, 193,439, 131,439, 131,475
Line 193,640, 193,662, 47,662, 47,640, 193,640
Line 109,366, 109,398, 47,398, 47,206, 193,206, 193,398, 131,398, 131,366
Line 126,366, 126,398, 0.5
Line 131,412, 171,412, 0.5
Line 109,412, 69,412, 0.5
Polygon 131,421, 131,416, 193,416, 193,421
Polygon 109,421, 109,416, 47,416, 47,421
Stairs 131,473, 109,473, 131,439
Stairs 126,368, 109,368, 126,398
Stairs 107,398, 107,412, 69,398
Stairs 107,439, 107,421, 69,439
Stairs 133,398, 133,412, 171,398
Stairs 133,439, 133,421, 171,439

Line 101,725, 88,725, 88,782, 141,782, 141,898, 191,898, 191,840
Line 173,840, 173,880, 159,880, 159,725, 153,725, 153,646, 159,646
Line 138,662, 138,725, 135,725
Line 159,894, 172,894, 0.5
Line 186,880, 186,840, 0.5
Stairs 186,842, 173,842, 186,880
Stairs 161,880, 161,894, 171,880

Line 154,173, 159,173, 159,129, 180,129, 180,140, 244,177, 218,222
Line 234,231, 261,186, 271,192, 279,178, 220,144, 239,111
Line 224,102, 205,135, 198,131, 198,110, 81,110, 81,173, 85,173
Line 100,173, 104,173
Line 139,173, 135,173
Line 235,108, 216,141, 0.5
Stairs 223,104, 234,110, 205,135
Stairs 235,229, 219,220, 255,196

PenColor CCCCCC
Line 139,701, 152,701

; кассы
PenColor 000000
BrushColor -1
Line 112,110, 112,102, 84,102, 84,110
AngleTextOut 0, Arial, 10, 86, 99, кассы

; кассы
PenColor 000000
BrushColor -1
Line 136,782, 136,790, 108,790, 108,782
AngleTextOut 0, Arial, 10, 110, 779, кассы

; турникеты
PenColor 009900
Stairs 86,126, 86,130, 123,126
PenColor FF0000
Stairs 158,144, 156,147, 128,126

; турникеты
PenColor 000000
Line 105,758, 88,758, 0.5
Polygon 133,761, 139,761, 139,755, 133,755
PenColor 009900
Stairs 129,760, 129,756, 103,760
PenColor FF0000
Stairs 155,756, 155,760, 142,756

;лифт
PenColor 000000
BrushColor D0EFFF
Polygon 85,187, 85,173, 100,173, 100,187
BrushColor -1
AngleTextOut 0, Arial, 6, 86, 177, лифт

;лифт
PenColor 000000
BrushColor D0EFFF
Polygon 255,196, 261,186, 271,192, 265,202
BrushColor -1
AngleTextOut 0, Arial, 6, 256, 190, лифт

;лифт
PenColor 000000
BrushColor D0EFFF
Polygon 190,162, 197,150, 209,157, 202,169
BrushColor -1
AngleTextOut 0, Arial, 6, 193, 156, лифт

;лифт
PenColor 000000
BrushColor D0EFFF
Polygon 138,662, 138,648, 153,648, 153,662
BrushColor -1
AngleTextOut 0, Arial, 6, 139, 652, лифт

;лифт
PenColor 000000
BrushColor D0EFFF
Polygon 126,832, 126,818, 141,818, 141,832
BrushColor -1
AngleTextOut 0, Arial, 6, 127, 822, лифт

;лифт
PenColor 000000
BrushColor D0EFFF
Polygon 139,187, 139,173, 154,173, 154,187
BrushColor -1
AngleTextOut 0, Arial, 6, 140, 177, лифт

;инфососы
PenColor 94949C
BrushColor 94949C
Polygon 119,548, 124,548, 124,546, 119,546
Polygon 114,301, 119,301, 119,299, 114,299
Polygon 92,742, 92,738, 90,738, 90,742
PenColor FF0000
BrushColor FF0000
Polygon 114,548, 119,548, 119,546, 114,546
Polygon 119,301, 124,301, 124,299, 119,299
Polygon 92,746, 92,742, 90,742, 90,746


=================================================

PenColor 000000
Line 534,666, 534,662, 645,662, 645,839
Line 534,697, 534,701, 580,701, 580,839
Line 598,839, 598,701, 604,701, 604,839
Line 622,839, 622,701, 627,701, 627,839
Line 618,839, 618,798, 0.5
Stairs 580,837, 598,837, 580,798
Stairs 604,837, 618,837, 604,798
Stairs 645,837, 627,837, 645,798


; эскалатор 4 гор
PenColor 7F7F7F
Stairs 536,694, 536,669, 463,694
PenColor 000000
BrushColor 9B5509
Polygon 543,669, 458,669, 458,666, 543,666
Polygon 543,673, 543,676, 458,676, 458,673
Polygon 543,680, 543,683, 458,683, 458,680
Polygon 543,687, 543,690, 458,690, 458,687
Polygon 543,694, 458,694, 458,697, 543,697

=================================================
; надписи

; БКЛ

BrushColor -1
PenColor 000000
AngleTextOut 90, Arial, 20, 211, 403, Савёловская >>
AngleTextOut 90, Arial, 20, -5, 656, << ЦСКА
AngleTextOut 90, Arial, 25, 79, 633, Петровский парк, 1
PenColor 30D5C8
AngleTextOut 90, Arial, 20, 211, 404, Савёловская >>
AngleTextOut 90, Arial, 20, -5, 657, << ЦСКА
AngleTextOut 90, Arial, 25, 80, 632, Петровский парк, 1


=================================================


; Названия улиц голубым
PenColor 00AFAF
BrushColor -1
AngleTextOut 0, Arial, 15, 538, 1046, Ленинградский проспект
AngleTextOut 0, Arial, 15, 679, 656, Московская аллея
AngleTextOut 90, Arial, 15, 55, 869, Театральная аллея
AngleTextOut 0, Arial, 15, 373, 592, 'Стадион "Динамо"'
AngleTextOut 40, Arial, 15, -90, 238, << Петровский парк

; Выходы
Angle 40
PenColor FFD900
BrushColor 615F56
SpotRect 249, 660, 30, 30, ShowMessage Выход №1
SpotRect 669, 1249, 30, 30
SpotRect 123, 603, 30, 30
SpotRect 618, 123, 30, 30
SpotRect 552, 209, 30, 30
BrushColor -1
TextOut Arial, 25, 257, 661, 1
TextOut Arial, 25, 677, 1250, 2
TextOut Arial, 25, 131, 604, 3
TextOut Arial, 25, 626, 124, 4
TextOut Arial, 25, 560, 210, 5
