Size 510x850
Angle -70

;Пути
BrushColor 84BC54
Polygon -167,388, 283,388, 283,418, -167,418
Polygon -167,498, 283,498, 283,528, -167,528

BrushColor -1
PenColor 5C9F2E
AngleTextOut 0, Arial, 25, -9, 441, Дубровка, 1
AngleTextOut 0, Arial, 20, -166, 364, << Крестьянская застава
AngleTextOut 0, Arial, 20, 144, 528, Кожуховская >>

;инфосос
PenColor 94949C
BrushColor 94949C
Polygon 11,435, 15,435, 15,436, 11,436
PenColor FF0000
BrushColor FF0000
Polygon 7,435, 11,435, 11,436, 7,436


; правый вестибюль

PenColor 000000
Line 545,647, 585,647, 585,498, 539,498, 539,528, 358,528, 358,491, 322,491, 322,484
Line 545,668, 608,668, 608,329, 648,329
Line 648,309, 549,309
Line 549,328, 585,328, 585,388, 357,388, 357,426, 322,426, 322,433
Line 468,444, 468,475
Line 545,664, 585,664, 0.5
Line 283,498, 283,491
Line 283,426, 283,418
Line 283,418, 283,426, 145,426, 145,433, 207,433
Line 283,498, 283,491, 145,491, 145,484, 207,484
Line 604,501, 604,513, 0.5
Line 595,513, 595,501, 0.5
Line 648,313, 608,313, 0.5
Line 502,392, 489,392, 0.5
Line 489,524, 502,524
Stairs 547,647, 547,664, 585,647
Stairs 585,503, 604,503, 585,513
Stairs 551,328, 551,309, 585,328
Stairs 646,329, 646,313, 608,329
Stairs 492,524, 492,392, 502,524

BrushColor D0D0D0
Polygon 482,495, 482,484, 468,484, 468,434, 481,434, 481,423, 455,423, 455,434, 459,434, 459,444, 465,444, 465,475, 459,475, 459,484, 455,484, 455,495
Polygon 538,457, 538,425, 585,425, 585,457

; кассы
BrushColor -1
Line 367,388, 367,416, 357,416
AngleTextOut 90, Arial, 10, 355, 414, кассы

; турникеты
Line 367,416, 376,425, 0.5
Line 416,514, 416,528, 0.5
Line 333,458, 364,458, 413,473, 0.5
Polygon 413,467, 419,467, 419,473, 413,473
PenColor 009900
Stairs 378,424, 375,427, 415,461
PenColor FF0000
Stairs 418,477, 414,477, 418,515

; эскалатор 4
PenColor 7F7F7F
Stairs 214,437, 214,480, 327,437
PenColor 000000
BrushColor 9B5509
Polygon 207,433, 332,433, 332,437, 207,437
Polygon 207,444, 332,444, 332,449, 207,449
Polygon 207,456, 332,456, 332,461, 207,461
Polygon 207,468, 332,468, 332,473, 207,473
Polygon 207,480, 332,480, 332,484, 207,484

;инфосос
PenColor 34349C
BrushColor 34349C
Polygon 373,492, 369,492, 369,493, 373,493
PenColor FF0000
BrushColor FF0000
Polygon 377,492, 373,492, 373,493, 377,493


; левый вестибюль

PenColor 000000
Line -167,418, -167,429, -97,429, -97,436, -106,436, -106,479, -97,479, -97,487, -167,487, -167,498

;Улицы голубым
PenColor 00AFAF
BrushColor -1
AngleTextOut 0, Arial, 15, 408, 346, Шарикоподшипниковская ул.
AngleTextOut 0, Arial, 15, 539, 689, к МЦК -->

; стрелки
PenColor FF0000
Arrow 168,469, 190,469
Arrow 386,483, 405,483
PenColor 009900
Arrow 190,448, 168,448
Arrow 417,422, 404,435

; Выходы
Angle 70
PenColor FFD900
BrushColor 615F56
SpotRect 478, 659, 30, 30, ShowMessage Выход №1
SpotRect 439, 739, 30, 30
SpotRect 158, 768, 30, 30
BrushColor -1
TextOut Arial, 25, 486, 660, 1
TextOut Arial, 25, 447, 740, 2
TextOut Arial, 25, 166, 769, 3
