Size 800x1130

Angle 25

; нижний уровень

; БКЛ

PenColor 000000
BrushColor 30D5C8
Polygon 25,962, -5,962, -5,513, 25,513
Polygon 133,962, 103,962, 103,513, 133,513

PenColor 000000
Line 307,189, 190,189, 151,228, 151,288, 209,346, 209,541, 214,541
Line 307,234, 211,234, 198,248, 198,268, 256,326, 256,541, 252,541
Line 566,583, 575,592, 604,563, 571,530
Line 589,512, 622,545, 678,489, 667,478
Line 676,599, 643,566, 699,510, 708,519
Line 607,624, 596,613, 625,584, 658,617
Line 591,522, 618,549, 0.5
Line 664,595, 639,570, 0.5
Stairs 579,538, 593,524, 604,563
Stairs 649,608, 663,594, 625,584
Stairs 587,516, 590,519, 574,530
Stairs 668,598, 671,601, 655,611


; полупрозрачный уровень
Opaque 80
PenColor FFFFFF
BrushColor FFFFFF
Polygon 570,579, 638,510, 677,548, 609,619
Polygon 208,504, 208,449, 226,449, 226,463, 257,481, 257,526, 216,504
Polygon 134,714, 102,714, 102,769, 134,769
Opaque 100

; верхний уровень


; пути

BrushColor 34349C
Polygon 224,172, 224,142, 674,142, 674,172
Polygon 224,282, 224,252, 674,252, 674,282

PenColor 34349C
BrushColor -1
AngleTextOut 0, Arial, 20, 227, 117, << Бауманская
AngleTextOut 0, Arial, 20, 535, 281, Семёновская >>
AngleTextOut 0, Arial, 25, 344, 199, Электрозаводская, 1


; левый вестибюль

PenColor 000000
Line 224,172, 224,185, 267,185, 267,180, 319,180, 319,189, 309,189, 309,235, 319,235, 319,244, 267,244, 267,239, 224,239, 224,252
Line 306,193, 265,193, 0.5
Line 306,213, 265,213, 0.5
Stairs 304,234, 304,193, 266,234

; правый вестибюль

PenColor F7F7F7
Ellipse 713,150, 837,274, 2

PenColor 000000
Line 674,172, 674,185, 598,185, 598,180, 550,180, 550,192, 592,192
Line 592,232, 550,232, 550,244, 598,244, 598,239, 674,239, 674,252
Line 712,232, 704,232, 704,251, 728,265, 730,261
Line 758,277, 756,281, 775,292, 844,252, 844,228, 839,228
Line 839,193, 844,193, 844,171, 775,131, 704,172, 704,192

; эскалатор 3 гор
PenColor 7F7F7F
Stairs 706,229, 706,195, 597,229
PenColor 000000
BrushColor 9B5509
Polygon 712,195, 592,195, 592,192, 712,192
Polygon 712,203, 712,208, 592,208, 592,203
Polygon 712,216, 712,221, 592,221, 592,216
Polygon 712,229, 592,229, 592,232, 712,232

; кассы
BrushColor -1
Line 822,158, 826,151, 802,137, 798,144
AngleTextOut -30, Arial, 10, 805, 135, кассы

; турникеты
BrushColor -1
Line 712,218, 721,218, 762,241, 775,241, 775,292, 0.5
Polygon 779,212, 779,206, 773,206, 773,212
PenColor 009900
Stairs 778,201, 774,201, 777,135
PenColor FF0000
Stairs 778,240, 774,240, 778,215

; стрелки
PenColor FF0000
Arrow 738,249, 751,258, 739,279
PenColor 009900
Arrow 747,198, 731,198
Arrow 844,209, 824,209


; Названия улиц голубым
PenColor 00AFAF
BrushColor -1
AngleTextOut -35, Arial, 15, 728, 27, улица Большая Сёменовская
AngleTextOut -90, Arial, 15, -70, 695, Сёменовская набережная


===================================
; БКЛ

BrushColor -1
PenColor 000000
AngleTextOut -90, Arial, 20, -8, 822, Лефортово >>
AngleTextOut -90, Arial, 20, 166, 517, << Сокольники
AngleTextOut -90, Arial, 25, 62, 591, Электрозаводская (БКЛ), 1
PenColor 30D5C8
AngleTextOut -90, Arial, 20, -8, 823, Лефортово >>
AngleTextOut -90, Arial, 20, 166, 518, << Сокольники
AngleTextOut -90, Arial, 25, 63, 590, Электрозаводская (БКЛ), 1

PenColor 000000
Line 25,513, 37,513, 37,552, 44,552, 44,449, 178,449, 178,463, 183,463, 183,449, 226,449, 226,463, 316,515, 312,522
;Ellipse 402,545, 487,630
Spline 429,621, 449,611, 463,591
Spline 464,575, 454,551, 430,538, 400,543, 382,565, 383,594
Line 429,621, 383,594
Line 464,575, 470,576
Line 463,591, 469,592
Line 48,552, 48,512, 0.5
Line 464,584, 424,577, 424,569, 0.5
Stairs 86,550, 48,550, 86,512


; эскалатор 4 гор
PenColor 7F7F7F
Stairs 385,590, 396,572, 296,539
PenColor 000000
BrushColor 9B5509
Polygon 399,574, 304,519, 305,517, 400,572
Polygon 397,577, 396,579, 301,524, 302,522
Polygon 394,582, 393,584, 298,529, 299,527
Polygon 391,587, 390,589, 295,534, 296,532
Polygon 388,592, 293,537, 292,539, 387,594

; турникеты
BrushColor -1
Polygon 400,602, 402,599, 399,597, 397,600
PenColor 009900
Stairs 407,601, 410,603, 422,576
PenColor FF0000
Stairs 427,567, 423,567, 430,539

; кассы
PenColor 000000
BrushColor -1
Line 429,621, 425,628, 402,615, 406,608
AngleTextOut -30, Arial, 10, 408, 605, кассы


;инфососы
PenColor 94949C
BrushColor 94949C
Polygon 65,853, 70,853, 70,851, 65,851
PenColor FF0000
BrushColor FF0000
Polygon 60,853, 65,853, 65,851, 60,851

;инфососы
PenColor 94949C
BrushColor 94949C
Polygon 65,646, 60,646, 60,644, 65,644
PenColor FF0000
BrushColor FF0000
Polygon 70,646, 65,646, 65,644, 70,644

;лифт
PenColor 000000
BrushColor D0EFFF
Polygon 211,463, 211,449, 226,449, 226,463
BrushColor -1
AngleTextOut 0, Arial, 6, 212, 453, лифт


===================================
; переход

PenColor 000000
Line 103,513, 93,513, 93,552, 86,552, 86,504, 142,504, 142,714, 73,714, 73,674
Line 55,674, 55,809
Line 214,601, 211,601, 211,665, 203,682, 189,682, 189,714, 178,714, 178,504, 216,504, 296,549, 299,544
Line 59,674, 59,714, 0.5
Line 59,809, 59,769, 0.5
Line 25,962, 37,962, 37,923, 44,923, 44,1007, 178,1007, 178,769, 206,769, 255,664, 255,601, 252,601
Line 103,962, 93,962, 93,923, 86,923, 86,971, 142,971, 142,769, 73,769, 73,809
Line 48,923, 48,962, 0.5
Stairs 86,925, 48,925, 86,962
Stairs 73,676, 59,676, 73,714
Stairs 73,807, 59,807, 73,769
BrushColor D0D0D0
Polygon 178,736, 178,747, 189,747, 189,736
Polygon 231,368, 236,368, 236,337, 219,320, 216,323, 231,338
Polygon 209,316, 212,313, 202,303, 199,306
Polygon 193,300, 196,297, 186,287, 183,290
Polygon 180,281, 175,276, 175,239, 200,214, 220,214, 220,210, 198,210, 171,237, 171,278, 177,284

;лифт
PenColor 000000
BrushColor D0EFFF
Polygon 59,748, 59,734, 74,734, 74,748
BrushColor -1
AngleTextOut 0, Arial, 6, 60, 738, лифт



; эскалатор 4 верт
PenColor 7F7F7F
Stairs 217,603, 249,603, 217,537
PenColor 000000
BrushColor 9B5509
Polygon 214,608, 214,534, 217,534, 217,608
Polygon 222,608, 222,534, 226,534, 226,608
Polygon 231,608, 231,534, 235,534, 235,608
Polygon 240,608, 240,534, 244,534, 244,608
Polygon 249,608, 249,534, 252,534, 252,608


; ============================================================
; МЦД-3

; платформы

PenColor 000000
BrushColor -1
Polygon 775,676, 413,314, 374,353, 736,715

PenColor D0D0D0
Railway 10, 14, 4, 411,289, 426,304
Railway 10, 14, 4, 356,344, 371,359
Railway 10, 14, 4, 786,664, 800,678
Railway 10, 14, 4, 731,719, 745,733

PenColor EA5B04
Line 722,717, 373,368, 20
Line 777,662, 428,313, 20

PenColor D82400
Railway 10, 14, 4, 426,304, 786,664
Railway 10, 14, 4, 371,359, 731,719

PenColor EA5B04
BrushColor -1
AngleTextOut -45, Arial, 25, 424, 341, Электрозаводская, 1
AngleTextOut -45, Arial, 25, 691, 607, (МЦД-3), 1
AngleTextOut -45, Arial, 20, 456, 295, << Митьково
AngleTextOut -45, Arial, 20, 606, 613, Сортировочная >>

PenColor 000000
Line 652,575, 634,593
Line 612,535, 594,553

;инфососы
PenColor 94949C
BrushColor 94949C
Polygon 414,605, 416,601, 414,600, 412,604
PenColor FF0000
BrushColor FF0000
Polygon 412,609, 414,605, 412,604, 410,608



; кассы
PenColor 000000
BrushColor -1
Line 673,494, 668,489, 649,508, 654,513
AngleTextOut 45, Arial, 10, 647, 505, кассы

;Здания беж
PenColor DFDFDF
BrushColor FEFBF1
Polygon 675,480, 785,370, 695,280, 585,390
PenColor 000000
AngleTextOut -45, Arial, 10, 665, 330, 'Торговый центр "Заря"'

; Выходы
Angle -25
PenColor FFD900
BrushColor 615F56
SpotRect 665, 35, 30, 30, ShowMessage Выход №1
SpotRect 470, 568, 30, 30, ShowMessage Выход №1
SpotRect 538, 516, 30, 30, ShowMessage Выход №1
SpotRect 657, 353, 30, 30, ShowMessage Выход №1
BrushColor -1
TextOut Arial, 25, 673, 36, 1
TextOut Arial, 25, 478, 569, 2
TextOut Arial, 25, 546, 517, 3
TextOut Arial, 25, 665, 354, 4

PenColor FF0000
