Size 910x1530
Angle 60

===================================

; Калужская

;Пути
BrushColor FC9C54
Polygon 272,977, 272,947, 722,947, 722,977
Polygon 722,867, 722,837, 272,837, 272,867

BrushColor -1
PenColor F7782E
AngleTextOut 0, Arial, 25, 434, 880, Калужская, 1
AngleTextOut 0, Arial, 20, 275, 814, << Беляево
AngleTextOut 0, Arial, 20, 536, 976, Новые Черёмушки >>

; левый вестибюль
PenColor 000000
BrushColor -1
Line 164,819, 124,819, 124,845, 223,845, 223,877, 272,877, 272,867
Line 162,1022, 124,1022, 124,968, 223,968, 223,937, 272,937, 272,947
Line 164,801, 66,801
Line 162,1040, 71,1040
Line -248,801, -188,801, -188,885, -72,885, -32,845, 106,845, 106,819, 66,819
Line 71,1022, 106,1022, 106,968, -32,968, -72,928, -188,928, -188,1040, -248,1040
Line -248,819, -206,819, -206,1022, -248,1022
Line 66,815, 106,815, 0.5
Line -248,805, -208,805, 0.5
Line -248,1036, -208,1036, 0.5
Stairs 226,906, 226,937, 267,906
Stairs 162,801, 162,819, 124,801
Stairs 68,801, 68,815, 106,801
Stairs 125,1022, 125,1040, 162,1022
Stairs 72,1022, 72,1040, 105,1022
Stairs -246,819, -246,805, -208,819
Stairs -246,1022, -246,1036, -208,1022

BrushColor D0D0D0
Polygon 106,878, 106,935, -14,935, -37,912, -37,901, -14,878
Polygon 132,878, 124,878, 124,935, 132,935

; кассы
BrushColor -1
Line 223,939, 236,939, 236,966, 223,966
AngleTextOut -90, Arial, 10, 236, 940, кассы

; турникеты
Polygon 174,892, 170,896, 166,892, 170,888
PenColor 009900
Stairs 176,895, 173,898, 221,937
PenColor FF0000
Stairs 172,848, 168,848, 172,885

;эскалаторы
PenColor 7F7F7F
Stairs 228,880, 228,903, 267,880
PenColor 000000
BrushColor 9B5509
Polygon 272,889, 224,889, 224,894, 272,894
Polygon 272,903, 224,903, 224,906, 272,906
Polygon 272,877, 224,877, 224,880, 272,880

; правый вестибюль
;эскалаторы
PenColor 7F7F7F
Stairs 776,881, 776,904, 725,881
PenColor 000000
BrushColor 9B5509
Polygon 723,890, 779,890, 779,895, 723,895
Polygon 723,904, 779,904, 779,907, 723,907
Polygon 723,878, 779,878, 779,881, 723,881


Stairs 726,907, 726,936, 777,907
Line 776,936, 722,936, 722,947


Opaque 85
PenColor FFFFFF
BrushColor FFFFFF
Polygon 755,877, 728,877, 728,937, 755,937

Opaque 100

PenColor 000000
Line 722,878, 722,867
Line 797,792, 755,792, 755,817, 805,817, 805,810, 809,810
Line 840,810, 844,810, 844,963, 756,963, 756,1022, 798,1022
Line 798,1040, 686,1040
Line 686,1022, 728,1022, 728,792, 686,792
Line 686,774, 797,774
Line 798,1036, 757,1036, 0.5
Line 686,779, 726,779, 0.5
Line 797,779, 757,779, 0.5
Line 752,1019, 752,1011, 0.5
Line 794,831, 756,831, 0.5
Stairs 688,1022, 688,1040, 726,1022
Stairs 796,1022, 796,1036, 758,1022
Stairs 795,792, 795,779, 757,792
Stairs 688,792, 688,779, 726,792
Stairs 728,1017, 752,1017, 728,1011
BrushColor D0D0D0
Polygon 755,873, 779,873, 779,878, 760,878, 760,936, 779,936, 779,941, 755,941
Polygon 755,847, 755,855, 805,855, 805,847

; турникеты
BrushColor -1
Polygon 804,942, 799,942, 799,937, 804,937
Line 804,937, 779,937, 0.5
PenColor FF0000
Stairs 772,869, 776,869, 772,855
Stairs 772,844, 776,844, 772,834
PenColor 009900
Stairs 841,876, 837,874, 805,936
Stairs 772,827, 776,827, 772,818
 
; кассы
PenColor 000000
BrushColor -1
Line 844,931, 857,931, 857,959, 844,959
AngleTextOut -90, Arial, 10, 857, 932, кассы


;стрелки
PenColor FF0000
Arrow 795,840, 785,840
Arrow 834,731, 834,742
Arrow 767,862, 753,862
Arrow 149,861, 136,861
Arrow 790,881, 797,875
Arrow 230,885, 217,885
PenColor 009900
Arrow 786,824, 796,824
Arrow 815,742, 815,731
Arrow 823,933, 813,927
Arrow 158,943, 167,934
Arrow 753,952, 767,952
Arrow 219,920, 236,920

;инфососы
PenColor 34349C
BrushColor 34349C
Polygon 837,925, 842,925, 842,923, 837,923
Polygon 488,918, 488,923, 486,923, 486,918
Polygon 135,928, 135,923, 137,923, 137,928
PenColor FF0000
BrushColor FF0000
Polygon 832,925, 837,925, 837,923, 832,923
Polygon 488,913, 488,918, 486,918, 486,913
Polygon 135,933, 135,928, 137,928, 137,933

======================================
; Воронцовская

;Пути
PenColor 000000
BrushColor 30D5C8
Polygon 786,735, 756,735, 756,286, 786,286
Polygon 894,735, 864,735, 864,286, 894,286

BrushColor -1
PenColor 30D5C8
AngleTextOut -90, Arial, 25, 835, 431, Воронцовская, 1
AngleTextOut -90, Arial, 20, 869, 306, << Новаторская
AngleTextOut -90, Arial, 20, 812, 611, Зюзино >>

;инфососы
PenColor 94949C
BrushColor 94949C
Polygon 829,523, 833,523, 833,521, 829,521
PenColor FF0000
BrushColor FF0000
Polygon 825,523, 829,523, 829,521, 825,521

; северный вестибюль

; эскалатор 3 верт
PenColor 7F7F7F
Stairs 836,225, 812,225, 836,274
PenColor 000000
BrushColor 9B5509
Polygon 809,218, 812,218, 812,279, 809,279
Polygon 818,218, 821,218, 821,279, 818,279
Polygon 827,218, 830,218, 830,279, 827,279
Polygon 836,218, 836,279, 839,279, 839,218

Line 864,286, 839,286, 839,279
Line 809,279, 809,286, 802,286, 802,197, 806,197, 806,218, 809,218
Line 839,218, 843,218, 843,197, 868,197, 868,108, 903,108, 903,148
Line 786,286, 791,286, 791,197, 776,197, 776,90, 892,90, 892,55
Line 903,90, 903,48
Line 921,48, 921,148
Line 907,48, 907,88, 0.5
Line 907,108, 907,148, 0.5
Stairs 921,146, 907,146, 921,109
Stairs 921,50, 907,50, 921,88
BrushColor D0D0D0
Polygon 816,154, 841,129, 841,122, 827,108, 805,108, 805,143
PenColor D0D0D0
Line 892,90, 903,90
Line 892,55, 903,55

;стрелки
PenColor FF0000
Arrow 791,144, 791,130
PenColor 009900
Arrow 856,127, 856,141

; кассы
PenColor 000000
BrushColor FFFFFF
Polygon 823,147, 818,142, 836,124, 841,129
BrushColor -1
AngleTextOut 45, Arial, 10, 816, 139, кассы

; турникеты
PenColor 009900
Stairs 861,189, 865,185, 820,154
PenColor FF0000
Stairs 806,152, 810,156, 780,177

;инфососы
PenColor 94949C
BrushColor 94949C
Polygon 864,157, 864,161, 866,161, 866,157
PenColor FF0000
BrushColor FF0000
Polygon 864,153, 864,157, 866,157, 866,153

;лифт
PenColor 000000
BrushColor D0EFFF
Polygon 892,80, 892,69, 903,69, 903,80
BrushColor -1
AngleTextOut 0, Arial, 4, 893, 71, лифт

;лифт
PenColor 000000
BrushColor D0EFFF
Polygon 791,230, 791,219, 802,219, 802,230
BrushColor -1
AngleTextOut 0, Arial, 4, 792, 221, лифт



; южный вестибюль

; эскалатор 4 верт
PenColor 7F7F7F
Stairs 837,756, 812,756, 837,805
PenColor 000000
BrushColor 9B5509
Polygon 812,749, 812,810, 809,810, 809,749
Polygon 816,749, 819,749, 819,810, 816,810
Polygon 823,749, 826,749, 826,810, 823,810
Polygon 830,749, 833,749, 833,810, 830,810
Polygon 837,749, 837,810, 840,810, 840,749

Line 864,735, 840,735, 840,749
Line 786,735, 809,735, 809,749

======================================

;названия улиц синим
PenColor 00AFAF
BrushColor -1
AngleTextOut 0, Arial, 15, 867, 897, Профсоюзная улица
AngleTextOut 0, Arial, 15, -342, 892, Профсоюзная улица
AngleTextOut -90, Arial, 15, 172, 1087, 'ТК "Калужский"'
AngleTextOut -100, Arial, 15, -58, 1102, улица Обручева
AngleTextOut -80, Arial, 15, -87, 607, улица Обручева
AngleTextOut -90, Arial, 15, 896, 928, Хлебобулочный проезд
AngleTextOut -90, Arial, 15, 954, 80, улица Академика Семенихина

; Выходы
Angle -60
PenColor FFD900
BrushColor 615F56
SpotRect 549, 1161, 30, 30, ShowMessage Выход №1
SpotRect 519, 1215, 30, 30
SpotRect 294, 1018, 30, 30
SpotRect 263, 1079, 30, 30
SpotRect 364, 1482, 30, 30
SpotRect 112, 1337, 30, 30
SpotRect 866, 614, 30, 30
SpotRect 824, 686, 30, 30
SpotRect 553, 527, 30, 30
SpotRect 596, 464, 30, 30
SpotRect 21, 1, 30, 30
SpotRect 156, 61, 30, 30
BrushColor -1
TextOut Arial, 25, 557, 1162, 1
TextOut Arial, 25, 527, 1216, 2

TextOut Arial, 25, 302, 1019, 3
TextOut Arial, 25, 271, 1080, 4
TextOut Arial, 25, 372, 1483, 5
TextOut Arial, 25, 120, 1338, 6
TextOut Arial, 25, 874, 615, 7
TextOut Arial, 25, 832, 687, 8
TextOut Arial, 25, 561, 528, 9
TextOut Arial, 25, 597, 465, 10
TextOut Arial, 25, 22, 2, 11
TextOut Arial, 25, 157, 62, 12
