Size 730x430

Angle 25

; "закрыто"
PenColor FFD0D0
BrushColor FFD0D0
Polygon 502,95, 572,95, 572,129, 502,129
PenColor FF4040
PenColor FF4040
BrushColor -1
AngleTextOut 0, Arial, 15, 510, 91, закрыто
Dashed 502,95, 572,95, 572,129, 502,129, 502,95


; нижний уровень

;Пути
PenColor 000000
BrushColor 30D5C8
Polygon 7,215, 7,185, 457,185, 457,215
Polygon 7,248, 7,218, 457,218, 457,248
Line 7,215, 7,218
Line 457,215, 457,218

Line 452,135, 452,167, 457,167, 457,185
Line 7,248, 7,284, 281,284, 281,330, 406,330, 406,321
Line 294,284, 294,312
Line 437,167, 437,149, 365,149, 365,167, 338,167

Line 502,266, 457,266, 457,248
Line 502,277, 457,277, 457,284, 360,284

Stairs 300,284, 300,266, 338,284
Stairs 417,284, 417,266, 379,284
Stairs 416,149, 416,167, 378,149

;стрелки
PenColor FF0000
Arrow 240,139, 265,139, 265,154
Arrow 447,169, 447,141, 439,141
Arrow 542,291, 542,275
Arrow 316,298, 331,298
Arrow 289,280, 289,320, 304,320
PenColor 009900
Arrow 311,139, 286,139, 286,154
Arrow 306,275, 295,275

; верхний прозрачный уровень
Opaque 80
PenColor FFFFFF
BrushColor FFFFFF
Polygon 16,184, 34,184, 34,249, 16,249
Polygon 276,184, 253,184, 253,285, 276,285
Polygon 360,146, 338,162, 338,249, 360,249
Polygon 438,135, 460,135, 460,147, 439,147
Polygon 501,265, 501,278, 473,277, 473,265
Polygon 280,289, 295,289, 295,307, 280,307
Polygon 419,249, 437,249, 437,184, 419,184

PenColor 000000
BrushColor D0D0D0
Polygon 276,284, 338,284, 338,289, 276,289
Polygon 276,307, 276,312, 338,312, 338,307
Polygon 360,284, 360,289, 419,289, 419,284
Polygon 295,167, 295,163, 338,163, 338,167

Opaque 100

; верхний уровень

Line 16,149, 16,284
Line 74,266, 34,266, 34,167, 74,167
Stairs 72,149, 72,167, 34,149
Stairs 72,284, 72,266, 34,284

Line 7,185, 7,149, 195,149, 195,130, 276,130, 276,284
Line 298,266, 338,266, 338,167
Line 276,130, 360,130, 360,135, 423,135
Line 423,147, 360,147, 360,284
Line 213,149, 253,149, 253,307, 276,307
Stairs 332,330, 332,312, 294,330
Stairs 215,130, 215,149, 253,130
Stairs 300,130, 300,163, 337,130
Line 338,147, 297,147, 0.5
Line 379,266, 419,266, 419,167, 378,167
Line 437,284, 437,167

BrushColor -1
PenColor 000000
AngleTextOut 0, Arial, 20, 45, 163, << Каширская
AngleTextOut 0, Arial, 20, 203, 243, Нагатинский затон >>
PenColor 30D5C8
AngleTextOut 0, Arial, 20, 44, 163, << Каширская
AngleTextOut 0, Arial, 20, 202, 243, Нагатинский затон >>
PenColor 000000
AngleTextOut 0, Arial, 25, 113, 199, Кленовый бульвар, 1
PenColor FFFFFF
AngleTextOut 0, Arial, 25, 111, 198, Кленовый бульвар, 1

PenColor 000000
BrushColor D0D0D0
Polygon 564,242, 564,224, 572,224, 572,242
Polygon 502,264, 502,279, 520,279, 520,264
Polygon 537,236, 537,230, 502,230, 502,236
Polygon 481,236, 481,230, 474,230, 474,236
Line 564,233, 537,233
Line 506,236, 506,246
Line 496,264, 495,264, 495,279, 496,279
PenColor D0D0D0
Line 497,279, 501,279, 0.5
Line 497,264, 501,264, 0.5

; эскалатор 4 гор
PenColor 7F7F7F
Stairs 472,318, 472,293, 403,318
PenColor 000000
BrushColor 9B5509
Polygon 479,293, 399,293, 399,290, 479,290
Polygon 479,297, 479,300, 399,300, 399,297
Polygon 479,304, 479,307, 399,307, 399,304
Polygon 479,311, 479,314, 399,314, 399,311
Polygon 479,318, 399,318, 399,321, 479,321

;инфососы
PenColor 94949C
BrushColor 94949C
Polygon 187,153, 192,153, 192,151, 187,151
Polygon 182,282, 187,282, 187,280, 182,280
;Polygon 508,174, 513,174, 513,172, 508,172
Polygon 22,279, 18,279, 18,281, 22,281
PenColor FF0000
BrushColor FF0000
Polygon 182,153, 187,153, 187,151, 182,151
Polygon 187,282, 192,282, 192,280, 187,280
;Polygon 503,174, 508,174, 508,172, 503,172
Polygon 26,279, 22,279, 22,281, 26,281

; турникеты
PenColor 000000
Line 470,135, 470,144, 0.5
Stairs 468,144, 472,144, 468,155
BrushColor -1
Polygon 504,253, 504,246, 511,246, 511,253
PenColor 009900
Stairs 479,247, 479,252, 500,247
PenColor FF0000
Stairs 515,283, 512,286, 547,315

;кассы
PenColor 000000
BrushColor -1
Polygon 474,221, 474,188, 465,188, 465,221
AngleTextOut -90, Arial, 10, 476, 193, кассы

;лифт
PenColor 000000
BrushColor D0EFFF
Polygon 423,147, 423,135, 435,135, 435,147
BrushColor -1
AngleTextOut 0, Arial, 4, 425, 138, лифт

;лифт
PenColor 000000
BrushColor D0EFFF
Polygon 502,277, 502,266, 513,266, 513,277
BrushColor -1
AngleTextOut 0, Arial, 4, 503, 268, лифт

;лифт
PenColor 000000
BrushColor D0EFFF
Polygon 670,309, 670,296, 683,296, 683,309
BrushColor -1
AngleTextOut 0, Arial, 6, 670, 298, лифт

; вестибюль
PenColor 000000
Line 474,290, 474,158, 459,158, 459,147, 435,147
Line 435,135, 488,135, 488,151, 564,151, 564,203, 574,203, 574,126, 507,126
Line 479,321, 546,321, 565,303, 565,264, 619,264, 649,294, 658,294, 658,309, 670,309
Line 670,296, 670,294, 724,294
Line 507,110, 641,110, 641,264, 657,280, 724,280
Line 724,283, 683,283, 0.5
Line 507,123, 547,123, 0.5
Stairs 722,283, 722,294, 684,283
Stairs 509,123, 509,110, 547,123

Line 480,307, 489,303, 496,292, 496,279, 0.5
Line 504,279, 504,286, 511,286, 0.5
Line 509,264, 509,253, 0.5

PenColor D0D0D0
Line 659,294, 669,294, 0.5
Line 684,309, 687,309, 0.5
Line 684,296, 687,296, 0.5

; Названия улиц голубым
PenColor 00AFAF
BrushColor -1
AngleTextOut 0, Arial, 15, 655, 197, Коломенская улица
AngleTextOut -60, Arial, 15, 354, -1, Кленовый бульвар

Angle -25

; Выходы
PenColor FFD900
BrushColor 615F56
SpotRect 429, 5, 30, 30, ShowMessage Выход №1
SpotRect 682, 92, 30, 30
BrushColor -1
TextOut Arial, 25, 437, 6, 1
TextOut Arial, 25, 690, 93, 2
