Size 1270x380

; ================================
; Троицкая линия

; пути
PenColor 000000
BrushColor 03795F
Polygon 645,188, 645,158, 1094,158, 1094,188
Polygon 645,296, 645,266, 1094,266, 1094,296

PenColor 03795F
BrushColor -1
AngleTextOut 0, Arial, 20, 648, 134, << Академическая
AngleTextOut 0, Arial, 20, 1034, 296, ЗИЛ >>
AngleTextOut 0, Arial, 25, 885, 212, Крымская, 1

PenColor 000000
Line 645,188, 645,230
Line 645,245, 645,266
Line 1094,188, 1094,211
Line 1094,266, 1094,240


BrushColor D0D0D0
Polygon 1034,214, 1054,214, 1054,237, 1034,237
Polygon 730,217, 730,211, 663,211, 663,242, 730,242, 730,236, 678,236, 678,217
Polygon 844,217, 844,211, 777,211, 777,216, 783,216, 783,237, 777,237, 777,242, 844,242, 844,236, 791,236, 791,217
Polygon 577,134, 577,113, 555,113, 555,134
Polygon 1149,186, 1175,186, 1175,209, 1149,209

; турникеты
Line 524,225, 524,245, 0.5
Line 557,134, 557,143, 543,143, 0.5
PenColor 009900
Stairs 522,224, 526,224, 522,167
Stairs 525,160, 528,163, 541,145
PenColor FF0000
Stairs 617,129, 617,133, 580,129

; турникеты
PenColor FF0000
Stairs 1191,190, 1195,190, 1191,209

; эскалатор 2 гор
PenColor 7F7F7F
Stairs 799,220, 799,233, 834,220
PenColor 000000
BrushColor 9B5509
Polygon 838,220, 794,220, 794,217, 838,217
Polygon 838,225, 838,228, 794,228, 794,225
Polygon 838,233, 794,233, 794,236, 838,236

; эскалатор 4 гор
PenColor 7F7F7F
Stairs 685,220, 685,233, 720,220
PenColor 000000
BrushColor 9B5509
Polygon 680,228, 680,225, 724,225, 724,228
Polygon 680,236, 680,233, 724,233, 724,236
Polygon 680,220, 680,217, 724,217, 724,220

; эскалатор 3 гор
PenColor 7F7F7F
Stairs 1087,215, 1087,236, 1190,215
PenColor 000000
BrushColor 9B5509
Polygon 1082,236, 1195,236, 1195,239, 1082,239
Polygon 1082,231, 1082,228, 1195,228, 1195,231
Polygon 1082,223, 1082,220, 1195,220, 1195,223
Polygon 1082,215, 1195,215, 1195,212, 1082,212

;лифт
PenColor 000000
BrushColor D0EFFF
Polygon 1034,233, 1034,218, 1049,218, 1049,233
BrushColor -1
AngleTextOut 0, Arial, 6, 1035, 222, лифт

;инфососы
PenColor 94949C
BrushColor 94949C
Polygon 880,213, 880,209, 878,209, 878,213
PenColor FF0000
BrushColor FF0000
Polygon 880,217, 880,213, 878,213, 878,217

;инфососы
PenColor 94949C
BrushColor 94949C
Polygon 548,243, 543,243, 543,241, 548,241
PenColor FF0000
BrushColor FF0000
Polygon 553,243, 548,243, 548,241, 553,241

;стрелки
PenColor FF0000
Arrow 857,226, 846,226
Arrow 1203,218, 1207,218, 1207,200, 1197,200
PenColor 009900
Arrow 728,223, 743,223
Arrow 1183,251, 1207,251, 1207,233, 1197,233

Opaque 70
PenColor FFFFFF
BrushColor FFFFFF
Polygon 644,173, 694,173, 694,216, 679,216, 679,237, 694,237, 694,245, 644,244
Polygon 694,173, 811,173, 811,245, 807,237, 807,216, 793,216, 793,237, 807,237, 811,245, 694,245
Polygon 1050,218, 1068,218, 1093,243, 1095,243, 1095,258, 1086,258, 1061,233, 1050,233
Polygon 1113,240, 1113,211, 1149,211, 1149,240
Opaque 100

PenColor 000000
Line 519,115, 519,113, 426,113, 426,174, 493,174, 493,245, 811,245, 811,173, 620,173, 620,113, 607,113, 607,115
Line 540,115, 540,113, 591,113, 591,115
Line 794,217, 794,216, 807,216, 807,237, 794,237, 794,236
Line 680,217, 680,216, 694,216, 694,237, 680,237, 680,236
Line 1189,188, 1189,186, 1218,186, 1218,261, 1113,261, 1113,258, 1086,258, 1061,233, 1050,233
Line 1050,218, 1068,218, 1093,243, 1113,243, 1113,186, 1134,186, 1134,188
Line 1147,188, 1147,186, 1177,186, 1177,188
Line 1195,212, 1195,209, 1149,209, 1149,242, 1195,242, 1195,239

;стрелки
PenColor FF0000
Arrow 786,225, 772,225, 742,195, 721,195
PenColor 009900
Arrow 643,223, 665,223

; турникеты
PenColor 009900
Stairs 1145,242, 1145,238, 1115,242

;лифт
PenColor 000000
BrushColor D0EFFF
Polygon 630,245, 630,230, 645,230, 645,245
BrushColor -1
AngleTextOut 0, Arial, 6, 631, 234, лифт


; ================================
; МЦК

Angle -25

;Пути
PenColor DE7272
Line 433,370, 78,370, 20
Line 433,452, 78,452, 20
PenColor D56060
Dashed 433,370, 78,370, 13
Dashed 433,452, 78,452, 13
PenColor 000000
Line 68,442, 68,380, 443,380, 443,442, 68,442

Line 321,273, 321,268, 422,268
Line 359,296, 400,296, 400,286, 360,286
Line 359,314, 418,314, 418,268
Stairs 380,395, 380,413, 342,395
Stairs 193,395, 193,413, 155,395
Stairs 398,268, 398,286, 360,268
Stairs 361,314, 361,296, 399,314

Line 230,295, 188,295
Line 230,313, 190,313
Stairs 228,313, 228,295, 190,313
Stairs 226,277, 226,295, 188,277
Stairs 400,295, 418,295, 400,286

; эскалатор 1 гор
PenColor 7F7F7F
Stairs 382,424, 382,416, 345,424
PenColor 000000
BrushColor 9B5509
Polygon 386,416, 341,416, 341,413, 386,413
Polygon 386,424, 386,427, 341,427, 341,424

; эскалатор 1 гор
PenColor 7F7F7F
Stairs 195,424, 195,416, 158,424
PenColor 000000
BrushColor 9B5509
Polygon 199,416, 154,416, 154,413, 199,413
Polygon 199,424, 199,427, 154,427, 154,424

; турникеты
PenColor 009900
Stairs 414,422, 418,422, 414,435
PenColor FF0000
Stairs 414,400, 418,400, 414,387

;лифт
PenColor 000000
BrushColor D0EFFF
Polygon 403,418, 403,403, 418,403, 418,418
BrushColor -1
AngleTextOut 0, Arial, 6, 404, 407, лифт

; турникеты
PenColor 009900
Stairs 226,422, 230,422, 226,435
PenColor FF0000
Stairs 226,400, 230,400, 226,387

;стрелки
PenColor FF0000
;Arrow 666,291, 680,291
PenColor 009900
Arrow 335,305, 410,305, 410,275, 351,275, 351,320, 362,320
Arrow 169,301, 240,301, 240,286, 180,286, 180,309, 237,309, 237,323

;лифт
PenColor 000000
BrushColor D0EFFF
Polygon 215,418, 215,403, 230,403, 230,418
BrushColor -1
AngleTextOut 0, Arial, 6, 216, 407, лифт

;лифт
PenColor 000000
BrushColor D0EFFF
Polygon 331,283, 331,268, 346,268, 346,283
BrushColor -1
AngleTextOut 0, Arial, 6, 332, 272, лифт

;лифт
PenColor 000000
BrushColor D0EFFF
Polygon 175,328, 175,313, 190,313, 190,328
BrushColor -1
AngleTextOut 0, Arial, 6, 176, 317, лифт

;инфососы
PenColor 94949C
BrushColor 94949C
Polygon 127,421, 127,417, 125,417, 125,421
PenColor FF0000
BrushColor FF0000
Polygon 127,425, 127,421, 125,421, 125,425

;инфососы
PenColor 94949C
BrushColor 94949C
Polygon 316,419, 316,415, 314,415, 314,419
PenColor FF0000
BrushColor FF0000
Polygon 316,423, 316,419, 314,419, 314,423

;инфососы
PenColor 94949C
BrushColor 94949C
Polygon 431,338, 436,338, 436,337, 431,337
PenColor FF0000
BrushColor FF0000
Polygon 428,338, 432,338, 432,337, 428,337

; кассы
PenColor 000000
BrushColor -1
Line 418,331, 410,331, 410,356, 418,356
AngleTextOut 90, Arial, 10, 407, 356, кассы


Opaque 70
PenColor FFFFFF
BrushColor FFFFFF
Polygon 418,359, 418,381, 437,381, 437,359
Polygon 230,359, 230,381, 248,381, 248,359
Opaque 100

Line 165,288, 165,277, 248,277, 248,435, 199,435, 199,427
Line 165,307, 165,328, 230,328, 230,387, 199,387, 199,395, 155,395
Line 342,395, 386,395, 386,387, 418,387, 418,328, 321,328, 321,311
Line 386,427, 386,435, 437,435, 437,268, 433,268

BrushColor -1
PenColor DE7272
AngleTextOut 0, Arial, 25, 153, 498, Крымская (МЦК), 1
AngleTextOut 0, Arial, 20, 73, 339, << Площадь Гагарина
AngleTextOut 0, Arial, 20, 293, 461, Верхние Котлы >>

; Названия улиц голубым
PenColor 00AFAF
BrushColor -1
AngleTextOut 90, Arial, 15, 275, 349, Севастопольский проспект
AngleTextOut 0, Arial, 15, 72, 249, улица Свержевского

Angle 25
; ================================

; Выходы
PenColor FFD900
BrushColor 615F56
SpotRect 1163, 134, 30, 30, ShowMessage Выход №1
SpotRect 500, 76, 30, 30
SpotRect 392, 130, 30, 30
SpotRect 318, 94, 30, 30
SpotRect 123, 66, 30, 30
;BrushColor -1
TextOut Arial, 25, 1171, 135, 1
TextOut Arial, 25, 508, 77, 2
TextOut Arial, 25, 400, 131, 3
TextOut Arial, 25, 326, 95, 4
TextOut Arial, 25, 131, 67, 5
