Size 1500x1700
;Image ~Kuntsevskaya.vec, 75, 83

Angle 15

==========================================
; улицы
PenColor F5F5F6
жPenColor 9F5F5F
BrushColor F5F5F5
Line 519,17, 516,1642, 50
Line 330,1175, 839,1294, 40
Line 541,379, 813,379, 40
Line 567,1493, 627,1509, 20
Line 641,1483, 623,1544, 668,1573, 20
Line 689,1513, 662,1606, 20
Line 683,1576, 835,1599, 837,1580, 20
Line 836,1599, 955,1576, 1001,1580, 20
Line 470,1488, 423,1478, 421,1539, 442,1564, 568,1592, 636,1558, 20

; затемнение платформ
PenColor EEEEEE
BrushColor EEEEEE
Polygon 713,72, 744,72, 744,143, 713,143
Polygon 294,72, 328,72, 328,143, 294,143
Polygon 719,206, 744,206, 744,262, 719,262
Polygon 294,206, 307,206, 307,262, 294,262

==========================================

; АПЛ и ФЛ

; пути
PenColor 000000
BrushColor 34349C
Polygon 294,143, 294,173, 744,173, 744,143
Polygon 294,176, 294,206, 744,206, 744,176

PenColor 34349C
BrushColor -1
AngleTextOut 0, Arial, 20, 180, 118, << Молодёжная
AngleTextOut 0, Arial, 20, 844, 194, Славянский бульвар >>
AngleTextOut 0, Arial, 25, 826, 143, Кунцевская, 1

; ФЛ

; пути
PenColor 000000
BrushColor 2C7CAC
Polygon 294,72, 294,42, 744,42, 744,72

PenColor 2C7CAC
BrushColor -1
AngleTextOut 0, Arial, 20, 611, 18, Пионерская >>
AngleTextOut 0, Arial, 25, 414, -19, Кунцевская, 1

PenColor FFFFFF
Line 689,63, 671,63
Spline 671,63, 665,60, 665,54, 671,51
Arrow 671,51, 689,51

; правый переход
PenColor 000000
Line 744,72, 744,94, 813,94, 813,253, 744,253, 744,262
Line 744,143, 744,120, 783,120, 783,228, 744,228, 744,206
BrushColor FFFFFF
Stairs 746,120, 746,94, 783,120
Stairs 746,228, 746,253, 783,228
Arrow 793,166, 793,185
Arrow 803,185, 803,166

; северная платформа

Line 393,124, 328,124, 328,89, 393,89
Line 649,91, 713,91, 713,126, 649,126

Stairs 419,121, 419,92, 393,121
Stairs 620,123, 620,94, 649,123


; южная платформа

PenColor 000000
Line 744,253, 744,262, 294,262, 294,240
Line 294,210, 294,206
Line 381,227, 331,227, 331,262, 381,262
Line 649,227, 689,227, 689,262, 649,262

Stairs 410,230, 410,259, 381,230
Stairs 620,230, 620,259, 649,230

PenColor 000000
BrushColor D0D0D0
Polygon 649,91, 649,94, 597,94, 597,91
Polygon 597,126, 597,123, 649,123, 649,126
Polygon 448,124, 448,121, 393,121, 393,124
Polygon 448,89, 448,92, 393,92, 393,89

Polygon 381,259, 381,262, 438,262, 438,259
Polygon 381,230, 438,230, 438,227, 381,227
Polygon 597,227, 649,227, 649,230, 597,230
Polygon 597,259, 649,259, 649,262, 597,262

;инфосос
PenColor 34349C
BrushColor 34349C
Polygon 518,258, 514,258, 514,259, 518,259
PenColor FF0000
BrushColor FF0000
Polygon 522,258, 518,258, 518,259, 522,259


; верхний ярус

Opaque 80
PenColor FFFFFF
BrushColor FFFFFF
Polygon 307,201, 476,201, 476,155, 328,155, 328,59, 476,59, 476,38, 562,38, 562,59, 713,59, 713,155, 562,155, 562,201, 719,201, 719,290, 307,290

PenColor 707070
Line 563,17, 563,58, 714,58, 714,156, 563,156, 563,200, 720,200, 720,291, 562,291, 562,313, 2
Line 475,17, 475,58, 327,58, 327,156, 475,156, 475,200, 306,200, 306,237, 295,237, 295,250, 306,250, 306,281, 419,281, 419,291, 477,291, 477,311, 2

; северная платформа

PenColor 000000
Line 466,65, 466,59, 328,59, 328,155, 466,155, 466,150
Line 466,133, 466,82
Line 578,149, 578,155, 713,155, 713,59, 578,59, 578,65
Line 578,82, 578,133
Line 396,89, 407,89, 411,93, 437,93, 441,89, 448,89, 448,124, 396,124
Line 646,91, 597,91, 597,126, 602,126, 606,122, 632,122, 636,126, 646,126

Stairs 384,121, 384,92, 353,121
Stairs 659,123, 659,94, 690,123

BrushColor D0D0D0
Polygon 351,92, 351,89, 396,89, 396,124, 351,124, 351,121, 393,121, 393,92
Polygon 692,126, 692,123, 649,123, 649,94, 692,94, 692,91, 646,91, 646,126

; кассы
BrushColor -1
Line 606,122, 606,114, 632,114, 632,122
AngleTextOut 0, Arial, 10, 607, 112, кассы
Line 411,93, 411,101, 437,101, 437,93
AngleTextOut 0, Arial, 10, 412, 90, кассы

; турникеты
BrushColor -1
Polygon 635,127, 632,130, 635,133, 638,130
Polygon 405,87, 408,84, 405,81, 402,84
PenColor 009900
Stairs 407,78, 403,78, 407,61
Stairs 635,137, 639,137, 635,154
PenColor FF0000
Stairs 403,128, 407,128, 403,153
Stairs 639,87, 634,87, 639,62

; стрелки
PenColor FF0000
Arrow 587,73, 568,73
Arrow 452,142, 472,142
Arrow 366,112, 348,112
Arrow 676,103, 696,103
PenColor 009900
Arrow 472,74, 452,74
Arrow 568,142, 587,142
Arrow 350,101, 366,101
Arrow 696,113, 675,113

;инфосос
PenColor 34349C
BrushColor 34349C
Polygon 464,105, 464,109, 463,109, 463,105
PenColor FF0000
BrushColor FF0000
Polygon 464,101, 464,105, 463,105, 463,101

;инфосос
PenColor 34349C
BrushColor 34349C
Polygon 581,107, 581,103, 582,103, 582,107
PenColor FF0000
BrushColor FF0000
Polygon 581,111, 581,107, 582,107, 582,111

; южная платформа

PenColor 000000
BrushColor D0D0D0
Line 438,210, 438,201, 307,201, 307,280
Line 331,280, 438,280, 438,255
Line 438,224, 438,233
Line 438,259, 444,259, 444,264, 454,274, 460,274, 460,290, 420,290, 420,280
Stairs 378,230, 378,259, 341,230
Polygon 335,227, 384,227, 384,262, 335,262, 335,259, 381,259, 381,230, 335,230

Line 592,208, 592,201, 719,201, 719,290, 592,290, 592,283
Line 592,261, 612,261
Line 592,228, 612,228
Line 603,228, 603,235, 617,249, 624,249
Spline 592,228, 581,233, 576,244, 581,256, 592,261
Spline 612,228, 622,233, 626,244, 622,256, 612,261
Stairs 685,259, 685,230, 654,259
Polygon 689,227, 646,227, 646,262, 689,262, 689,259, 649,259, 649,230, 689,230

; кассы
BrushColor -1
AngleTextOut -45, Arial, 10, 445, 262, кассы
AngleTextOut -45, Arial, 10, 610, 225, кассы

; турникеты
BrushColor -1
Polygon 409,280, 415,280, 415,274, 409,274
Line 384,227, 417,227
Line 689,227, 697,227
Polygon 697,224, 697,230, 703,230, 703,224
PenColor 009900
Stairs 414,271, 410,271, 414,231
Stairs 702,234, 698,234, 702,289
Stairs 713,242, 717,242, 713,251
PenColor FF0000
Stairs 365,224, 361,224, 365,201
Stairs 666,266, 671,266, 666,290

; лифты
PenColor 000000
BrushColor D0EFFF
Polygon 719,241, 730,241, 730,252, 719,252
BrushColor -1
AngleTextOut 0, Arial, 6, 720, 244, лифт

BrushColor D0EFFF
Polygon 296,238, 307,238, 307,249, 296,249
BrushColor -1
AngleTextOut 0, Arial, 6, 297, 240, лифт

BrushColor D0EFFF
Polygon 317,102, 328,102, 328,113, 317,113
BrushColor -1
AngleTextOut 0, Arial, 6, 318, 104, лифт

;инфосос
PenColor 34349C
BrushColor 34349C
Polygon 309,273, 309,269, 310,269, 310,273
PenColor FF0000
BrushColor FF0000
Polygon 309,277, 309,273, 310,273, 310,277

;инфосос
PenColor 34349C
BrushColor 34349C
Polygon 716,282, 716,286, 717,286, 717,282
PenColor FF0000
BrushColor FF0000
Polygon 716,278, 716,282, 717,282, 717,278

; шоссе
PenColor 000000
Line 552,17, 552,313
Line 486,17, 486,313

; стрелки
PenColor FF0000
Arrow 675,253, 691,253
Arrow 605,272, 577,272
Arrow 356,238, 337,238
Arrow 428,216, 449,216
PenColor 009900
Arrow 450,245, 423,245, 423,265, 403,265
Arrow 337,250, 356,250
Arrow 580,218, 609,218
Arrow 691,236, 675,236

BrushColor 000000

Opaque 100

; Названия улиц голубым
PenColor 00AFAF
BrushColor -1
AngleTextOut 270, Arial, 15, 528, 106, Рублёвское шоссе
AngleTextOut 0, Arial, 15, 761, 18, Малая Филёвская улица
AngleTextOut 0, Arial, 15, 218, -8, Молдавская улица
AngleTextOut 0, Arial, 15, 617, 371, Кастанаевская улица
AngleTextOut -90, Arial, 15, 590, 445, к МЦД-1 >>

PenColor 000000
TextOut Arial, 8, 334, 58, верхний уровень
TextOut Arial, 8, 651, 72, верхний уровень
TextOut Arial, 8, 312, 201, верхний уровень
TextOut Arial, 8, 658, 201, верхний уровень
TextOut Arial, 8, 301, 44, нижний уровень
TextOut Arial, 8, 688, 43, нижний уровень
TextOut Arial, 8, 747, 254, нижний уровень

===================================================
; БКЛ

 нижний уровень

; затемнение платформ
PenColor EEEEEE
;PenColor 7E7EEE
BrushColor EEEEEE
Polygon 348,581, 348,621, 330,621, 330,636, 348,636, 348,811, 366,811, 366,851, 377,851, 378,581
Polygon 377,881, 366,881, 366,921, 348,921, 348,935, 378,935
Polygon 348,987, 348,1010, 378,1010, 378,987
Polygon 441,1010, 471,1010, 471,921, 453,921, 453,881, 442,881
Polygon 442,851, 453,851, 453,811, 471,811, 471,635, 489,635, 489,621, 471,621, 471,581, 441,581

;Пути
PenColor 000000
BrushColor 30D5C8
Polygon 408,1010, 378,1010, 378,561, 408,561
Polygon 441,1010, 411,1010, 411,561, 441,561
Line 408,1010, 411,1010
Line 408,561, 411,561

Line 441,1010, 471,1010, 471,635
Line 471,621, 471,539
Line 378,1010, 348,1010, 348,881, 341,881, 341,895, 338,895
Line 348,851, 348,636
Line 348,621, 348,539
Line 378,561, 363,561, 363,534
Line 456,539, 456,561, 441,561

; средний полупрозрачный уровень

Opaque 80
PenColor FFFFFF
BrushColor FFFFFF
Polygon 347,935, 371,935, 371,928, 396,928, 396,935, 436,935, 436,1099, 418,1099, 418,987, 347,987
Polygon 442,881, 442,851, 377,851, 377,881
Polygon 489,581, 495,539, 285,540, 285,581
Opaque 100

; верхний уровень

BrushColor -1
PenColor 30D5C8
AngleTextOut -90, Arial, 20, 468, 635, << Терехово
AngleTextOut -90, Arial, 20, 376, 652, Давыдково >>
PenColor 000000
AngleTextOut -90, Arial, 25, 426, 607, Кунцевская (БКЛ), 1
PenColor FFFFFF
AngleTextOut -90, Arial, 25, 427, 606, Кунцевская (БКЛ), 1

PenColor 000000
Line 338,923, 341,923, 341,935, 436,935, 436,1099
Line 366,921, 366,881, 453,881, 453,921
Line 366,811, 366,851, 453,851, 453,811
Line 313,1116, 359,1129, 379,1055, 418,1016, 418,987, 304,987, 304,923, 307,923
Line 319,1106, 304,1102, 301,1113, 259,1102
Line 255,1120, 354,1146, 354,1148, 372,1153, 395,1065, 411,1049, 418,1049, 418,1117, 436,1117
Line 322,932, 322,944, 340,962, 362,962, 0.5
Line 258,1104, 296,1114, 0.5
Line 422,1099, 422,1059, 0.5
Line 375,1131, 380,1112, 0.5
Line 377,1092, 384,1066, 0.5
Line 385,1094, 392,1067, 0.5
Stairs 348,919, 366,919, 348,881
Stairs 348,813, 366,813, 348,851
Stairs 471,813, 453,813, 471,851
Stairs 471,919, 453,919, 471,881
Stairs 436,1097, 422,1097, 436,1059
Stairs 256,1120, 260,1105, 293,1130
Stairs 364,1111, 379,1115, 361,1123
Stairs 371,1086, 386,1090, 376,1067
PenColor 777777
Line 420,1159, 449,1159
Line 420,1167, 449,1167
Line 421,1162, 449,1162, 0.5
Line 456,1154, 456,1125, 0.5
Line 453,1154, 453,1125
Line 469,1154, 469,1125
Stairs 456,1127, 469,1127, 456,1152
Stairs 447,1162, 447,1167, 421,1162

PenColor 000000
BrushColor D0D0D0
Polygon 396,953, 396,967, 409,967, 409,953

; эскалатор 4 верт
PenColor 7F7F7F
Stairs 310,925, 335,925, 310,891
PenColor 000000
BrushColor 9B5509
Polygon 307,931, 307,887, 310,887, 310,931
Polygon 314,931, 314,887, 317,887, 317,931
Polygon 321,931, 321,887, 324,887, 324,931
Polygon 328,931, 328,887, 331,887, 331,931
Polygon 335,931, 335,887, 338,887, 338,931

; эскалатор 4 верт
PenColor 7F7F7F
Stairs 293,483, 322,483, 293,398
PenColor 000000
BrushColor 9B5509
Polygon 290,489, 290,395, 293,395, 293,489
Polygon 298,489, 298,395, 301,395, 301,489
Polygon 306,489, 306,395, 309,395, 309,489
Polygon 314,489, 314,395, 317,395, 317,489
Polygon 322,489, 322,395, 325,395, 325,489

; турникеты
BrushColor FFFFFF
Polygon 370,955, 363,955, 363,962, 370,962
PenColor 009900
Stairs 368,951, 364,951, 368,937
PenColor FF0000
Stairs 364,966, 368,966, 364,985

; кассы
PenColor 000000
BrushColor -1
Line 396,935, 396,928, 371,928, 371,935
AngleTextOut 0, Arial, 10, 371, 924, кассы

;лифт
PenColor 000000
BrushColor D0EFFF
Polygon 316,1117, 319,1106, 330,1109, 327,1120
BrushColor -1
AngleTextOut 0, Arial, 5, 318, 1109, лифт

;инфососы
PenColor 94949C
BrushColor 94949C
Polygon 353,793, 353,789, 351,789, 351,793
Polygon 468,793, 468,797, 466,797, 466,793
PenColor FF0000
BrushColor FF0000
Polygon 353,797, 353,793, 351,793, 351,797
Polygon 468,789, 468,793, 466,793, 466,789

======================
; переход
PenColor 000000
Line 348,851, 304,851, 304,895, 307,895

======================

; переход

Line 294,143, 294,121, 254,121, 254,210, 294,210
Line 294,72, 294,91, 228,91, 228,317, 272,317, 272,404
Line 294,240, 254,240, 254,293, 307,293, 307,280
Line 331,280, 331,317, 301,317, 301,325, 392,325, 392,330
Line 392,371, 392,376, 325,376, 325,402, 325,402
Line 272,415, 272,506, 285,506, 285,581, 330,581, 330,636, 348,636
Line 290,489, 290,491, 287,491, 287,395, 290,395
Line 348,581, 471,581
Line 325,489, 325,539, 348,539, 348,534
Line 363,534, 363,539, 456,539, 456,533
Line 471,533, 471,539, 489,539, 489,635, 471,635
Line 254,299, 276,299, 0.5
Line 485,581, 485,621, 0.5
Stairs 330,619, 348,619, 330,581
Stairs 485,619, 471,619, 485,581
Stairs 292,91, 292,121, 255,91
Stairs 292,240, 292,210, 254,240
Stairs 269,317, 269,299, 254,317
BrushColor D0D0D0
Polygon 303,506, 303,564, 330,564, 330,556, 311,556, 311,506
Polygon 348,556, 348,564, 356,564, 356,556
Polygon 471,555, 463,555, 463,563, 471,563

; турникеты
BrushColor FFFFFF
Polygon 350,348, 356,348, 356,354, 350,354
PenColor 009900
Stairs 355,345, 351,345, 355,327
PenColor FF0000
Stairs 351,357, 355,357, 351,376

;лифт
PenColor 000000
BrushColor D0EFFF
Polygon 272,418, 272,404, 287,404, 287,418
BrushColor -1
AngleTextOut 0, Arial, 6, 273, 407, лифт

;лифт
PenColor 000000
BrushColor D0EFFF
Polygon 348,534, 348,520, 363,520, 363,534
BrushColor -1
AngleTextOut 0, Arial, 6, 349, 523, лифт

;лифт
PenColor 000000
BrushColor D0EFFF
Polygon 456,533, 456,519, 471,519, 471,533
BrushColor -1
AngleTextOut 0, Arial, 6, 457, 522, лифт

; кассы
PenColor 000000
BrushColor -1
Line 389,325, 389,317, 361,317, 361,325
AngleTextOut 0, Arial, 10, 363, 314, кассы


===========================
;МЦД1

PenColor F6A800
Spline 340,1371, 655,1443, 867,1477, 1109,1498, 15
Spline 634,1458, 864,1498, 1114,1520, 1278,1522, 15

PenColor 000000

Line 456,1178, 464,1187, 579,1214, 589,1210
Line 465,1587, 465,1635
Line 565,1612, 565,1658

Line 446,1230, 457,1226, 573,1253, 581,1261
Line 444,1327, 451,1335, 570,1362, 578,1356
Line 444,1432, 453,1428, 570,1455, 576,1463
Line 440,1542, 448,1550, 559,1576, 568,1570
Line 436,1591, 446,1582, 564,1609, 571,1620
Line 545,1605, 545,1653
Line 485,1591, 485,1639
Line 568,1488, 600,1496, 0.5
Stairs 458,1476, 454,1495, 447,1474
Stairs 572,1489, 568,1504, 593,1494

BrushColor E0E0E0
PenColor E0E0E0
Polygon 341,1334, 510,1375, 660,1408, 766,1428, 871,1443, 1006,1456, 1119,1464, 1117,1484, 998,1475, 868,1462, 760,1448, 658,1429, 504,1396, 336,1355
Polygon 626,1470, 752,1495, 863,1512, 989,1525, 1112,1534, 1206,1537, 1285,1534, 1285,1553, 1207,1556, 1111,1553, 991,1544, 875,1532, 871,1563, 867,1573, 858,1579, 847,1579, 821,1574, 827,1533, 681,1509, 684,1492, 624,1480
PenColor FFFFFF
BrushColor FFFFFF
Polygon 586,1408, 588,1396, 625,1405, 623,1416
Polygon 373,1360, 376,1347, 412,1355, 409,1368
BrushColor E0E0E0
PenColor 000000
Spline 341,1334, 660,1408, 871,1443, 1119,1464
Spline 1117,1484, 868,1462, 658,1429, 336,1355
Line 341,1334, 336,1355
Line 1119,1464, 1117,1484

Line 633,1482, 624,1480, 626,1470
Spline 626,1470, 863,1512, 1112,1534, 1285,1534
Line 1285,1534, 1285,1553
Spline 1285,1553, 1111,1553, 875,1532
Line 875,1532, 874,1547
Line 864,1577, 855,1579, 848,1579
Line 828,1576, 686,1553
Line 681,1509, 827,1533, 826,1540
Line 824,1552, 821,1575
Line 779,1568, 786,1526
Line 782,1553, 823,1559
Line 681,1509, 684,1492, 633,1482
Line 826,1540, 873,1557, 948,1565, 950,1540
Line 982,1544, 981,1556, 1005,1559
Line 1006,1547, 1003,1571, 980,1568
Line 376,1347, 412,1355, 409,1368, 373,1360
Line 625,1405, 588,1396, 586,1408, 623,1416
Line 591,1400, 620,1407, 0.5
Stairs 617,1415, 619,1407, 595,1410
Stairs 379,1361, 382,1348, 400,1366
Stairs 952,1552, 952,1548, 980,1554
PenColor D0D0D0
Line 953,1540.5, 979,1543, 2

BrushColor -1
PenColor 000000
AngleTextOut 0, Arial, 15, 1225, 1532, Фили >>
AngleTextOut -13, Arial, 15, 232, 1321, << Рабочий Поселок
PenColor F6A800
AngleTextOut 0, Arial, 15, 1224, 1532, Фили >>
AngleTextOut -13, Arial, 15, 231, 1321, << Рабочий Поселок
PenColor 000000
AngleTextOut -13, Arial, 15, 230, 1270, << на Усово иногда идёт отсюда

;;рельсы
;PenColor D0D0D0
;Railway 10, 14, 4, 1316,1504, 1284,1506, 1259,1505, 1241,1501, 1217,1492, 1187,1479, 1147,1464, 1103,1455, 1026,1448, 872,1434, 662,1399, 343,1326
;PenColor EC6900
;Railway 10, 14, 4, 1316,1504, 1284,1506, 1250,1506, 1116,1504, 866,1482, 654,1448, 332,1374
;Railway 10, 14, 4, 330,1382, 652,1457, 865,1493, 1114,1515, 1317,1515

;рельсы
PenColor D0D0D0
Railway 10, 14, 4, 1316,1504, 1284,1506, 1259,1505, 1241,1501, 1217,1492, 1187,1479, 1147,1464, 1103,1455, 1026,1448, 872,1434, 662,1399, 343,1326
Railway 10, 14, 4, 1316,1504, 1219,1507, 1116,1504
Railway 10, 14, 4, 330,1382, 481,1419, 630,1452
Railway 10, 14, 4, 1284,1517, 1317,1515
PenColor EC6900
Railway 10, 14, 4, 1116,1504, 866,1482, 654,1448, 332,1374
Railway 10, 14, 4, 630,1452, 865,1493, 1114,1515, 1284,1517



PenColor 000000
BrushColor FFFFFF
Polygon 931,1455, 922,1561, 873,1556, 874,1546, 912,1550, 920,1464, 880,1459, 881,1449
Stairs 880,1459, 881,1449, 912,1463
Stairs 873,1556, 874,1546, 905,1559

Line 645,1410, 629,1406, 627,1417, 642,1421, 2
Line 354,1342, 373,1347, 370,1359, 352,1354, 2
Line 644,1414, 643,1418
Line 354,1346, 353,1350
PenColor A0A0A0
Line 636,1408, 633,1419
Line 362,1344, 359,1356


BrushColor -1
PenColor 707070
PenColor F6A800
AngleTextOut -10, Arial, 30, 609, 1319, Кунцевская (МЦД-1), 1
PenColor 00AFAF
AngleTextOut 270, Arial, 15, 526, 426, Рублёвское шоссе
AngleTextOut -13, Arial, 15, 595, 1229, улица Ивана Франко
PenColor 000000
AngleTextOut -5, Arial, 15, 782, 1552, кассы
AngleTextOut -4, Arial, 10, 984, 1543, кассы
BrushColor FFAA00

PenColor 00AFAF
Spline 436,1108, 453,1111, 462,1124, 462,1150, 441,1165, 421,1166, 415,1175, 428,1183, 474,1195, 531,1209, 585,1220, 595,1207, 570,1198, 557,1208
Line 554,1251, 554,1357
Line 552,1386, 552,1405
Spline 552,1452, 563,1492, 600,1505, 626,1521, 655,1563, 812,1595, 917,1586
Arrow 917,1586, 957,1569
Spline 555,1387, 565,1397, 590,1405
Arrow 590,1405, 610,1409


Angle -15


; Выходы
PenColor FFD900
BrushColor 615F56
SpotRect 390, 316, 32, 30, ShowMessage Выход №1
SpotRect 354, 166, 32, 30
SpotRect 313, 316, 32, 30
SpotRect 287, 181, 32, 30
SpotRect 285, 439, 32, 30
SpotRect 517, 1132, 32, 30
SpotRect 335, 1185, 32, 30
SpotRect 439, 1407, 32, 30
SpotRect 736, 1378, 32, 30
SpotRect 1071, 1537, 32, 30
BrushColor -1
TextOut Arial, 25, 399, 317, 1
TextOut Arial, 25, 363, 167, 1
TextOut Arial, 25, 323, 317, 2
TextOut Arial, 25, 296, 182, 2
TextOut Arial, 25, 295, 440, 3
TextOut Arial, 25, 525, 1133, 4
TextOut Arial, 25, 345, 1186, 5
TextOut Arial, 25, 449, 1408, 6
TextOut Arial, 25, 746, 1379, 7
TextOut Arial, 25, 1081, 1538, 8
