Size 900x1250
==========================
; метро

; пути



PenColor FFFFFF
BrushColor 2C7CAC
Polygon 567,724, 598,826, 634,922, 676,1016, 726,1107, 700,1122, 650,1029, 606,932, 570,835, 538,732
Polygon 535,733, 567,836, 604,934, 647,1031, 697,1124, 671,1139, 621,1043, 576,946, 539,846, 505,741

PenColor 2C7CAC
Line 700,1122, 726,1107
Line 538,732, 567,724
Spline 539,732, 571,835, 607,932, 651,1029, 701,1122, 3

Line 671,1139, 697,1124
Line 505,741, 535,733
Spline 672,1139, 622,1043, 577,945, 539,846, 506,741, 3

BrushColor 2C7CAC
PenColor 000000
Spline 535,733, 567,836, 604,934, 647,1031, 697,1124
Spline 505,741, 539,846, 576,946, 621,1043, 671,1139
Spline 567,724, 598,826, 634,922, 676,1016, 726,1107
Spline 538,732, 570,835, 606,932, 650,1029, 700,1122

BrushColor -1
PenColor 000000
AngleTextOut -67, Arial, 30, 593, 853, Кутузовская, 1
AngleTextOut -72, Arial, 20, 568, 733, << Фили
AngleTextOut -63, Arial, 20, 622, 996, Студенческая >>
PenColor FFFFFF
AngleTextOut -67, Arial, 30, 595, 850, Кутузовская, 1
AngleTextOut -72, Arial, 20, 570, 732, << Фили
AngleTextOut -63, Arial, 20, 623, 994, Студенческая >>

;Здания беж
PenColor DFDFDF
BrushColor FEFBF1
Polygon 598,622, 430,667, 452,749, 620,704
Polygon 778,1085, 820,1159, 668,1246, 627,1172


; платформы

PenColor 000000
Spline 485,837, 529,964, 587,1086
Spline 636,797, 674,905, 723,1008

; левый вестибюль

PenColor 000000
Line 600,632, 598,622, 430,667, 471,822, 482,829, 488,827, 490,836, 485,837
Line 613,680, 640,778, 634,788, 628,790, 630,798, 636,797
Line 604,645, 611,670
Line 608,660, 587,666
Line 592,665, 587,649
Line 584,637, 581,626

Stairs 453,753, 478,746, 464,797
Stairs 596,714, 621,708, 608,759
Stairs 491,857, 537,843, 492,862
Stairs 640,810, 599,823, 641,816

BrushColor D0D0D0
Polygon 606,771, 611,769, 595,710, 477,742, 492,800, 497,799, 483,747, 592,718

; касса
PenColor D0D0D0
BrushColor D0D0D0
Polygon 580,680, 476,708, 467,707, 462,700, 463,690, 469,684, 478,684, 484,689, 562,668, 565,660, 572,657, 581,658, 587,666, 586,675
PenColor 000000
Line 562,668, 484,689
Line 580,680, 476,708
Spline 580,680, 586,675, 587,666, 581,658, 572,657, 565,660, 562,668
Spline 476,708, 467,707, 462,700, 463,690, 469,684, 478,684, 484,689

BrushColor FFFFFF
Polygon 541,673, 543,681, 505,691, 503,683
BrushColor -1
AngleTextOut 15, Arial, 10, 510, 678, кассы

; турникеты
BrushColor -1
Polygon 490,652, 491,658, 484,659, 483,654
PenColor 009900
Stairs 490,661, 487,662, 496,682
PenColor FF0000
Stairs 590,675, 588,678, 612,687

; стрелки
PenColor FF0000
Arrow 632,778, 628,764
Arrow 489,817, 486,804
Arrow 609,676, 621,672
PenColor 009900
Arrow 619,766, 623,781
Arrow 475,807, 479,819
Arrow 449,694, 455,714
Arrow 596,641, 576,646

;инфосос
PenColor 34349C
BrushColor 34349C
Polygon 534,722, 530,723, 531,724, 535,723
PenColor FF0000
BrushColor FF0000
Polygon 538,721, 534,722, 535,723, 538,722


; правый вестибюль

PenColor 000000
Line 814,1149, 820,1159, 668,1246, 589,1107, 592,1094, 597,1091, 593,1083, 587,1086
Line 790,1107, 739,1019, 728,1016, 722,1018, 718,1011, 723,1008
Line 807,1138, 795,1116
Line 799,1124, 781,1135
Line 785,1133, 793,1146
Line 799,1158, 805,1167

Stairs 624,1169, 647,1155, 602,1129
Stairs 751,1095, 775,1082, 730,1058

BrushColor D0D0D0
Polygon 721,1047, 726,1045, 755,1097, 649,1159, 619,1107, 623,1105, 650,1151, 748,1095

; касса
PenColor D0D0D0
BrushColor D0D0D0
Polygon 766,1130, 673,1184, 667,1191, 669,1200, 676,1205, 685,1205, 691,1199, 692,1192, 762,1151, 769,1155, 777,1152, 782,1145, 781,1135, 774,1129
PenColor 000000
Line 762,1151, 692,1192
Line 766,1130, 673,1184
Spline 766,1130, 774,1129, 781,1135, 782,1145, 777,1152, 769,1155, 762,1151
Spline 673,1184, 667,1191, 669,1200, 676,1205, 685,1205, 691,1199, 692,1192

BrushColor FFFFFF
Polygon 743,1163, 739,1155, 705,1175, 709,1182
BrushColor -1
AngleTextOut 30, Arial, 10, 711, 1168, кассы

; турникеты
BrushColor -1
Polygon 722,1213, 718,1207, 712,1210, 716,1217
PenColor 009900
Stairs 715,1205, 712,1207, 703,1187
PenColor FF0000
Stairs 777,1127, 773,1126, 783,1102

; стрелки
PenColor FF0000
Arrow 733,1023, 741,1037
Arrow 606,1099, 612,1109
Arrow 787,1113, 801,1106
PenColor 009900
Arrow 733,1041, 725,1029
Arrow 602,1114, 596,1105
Arrow 664,1212, 654,1195
Arrow 805,1147, 788,1157

;инфосос
PenColor 34349C
BrushColor 34349C
Polygon 704,1131, 708,1129, 708,1130, 704,1132
PenColor FF0000
BrushColor FF0000
Polygon 700,1133, 704,1131, 704,1132, 701,1134


; Названия улиц голубым
PenColor 00AFAF
BrushColor -1
AngleTextOut -75, Arial, 15, 744, 620, Киевская улица
AngleTextOut -65, Arial, 15, 717, 820, 3 транспортное кольцо
AngleTextOut 35, Arial, 15, 789, 843, Кутузовский проспект
AngleTextOut 25, Arial, 15, 296, 1240, Кутузовский проспект


; Выходы
;Angle 75
PenColor FFD900
BrushColor 615F56
SpotRect 831, 1055, 30, 30, ShowMessage Выход №1
SpotRect 625, 605, 30, 30
BrushColor -1
TextOut Arial, 25, 840, 1054, 1
TextOut Arial, 25, 633, 603, 2

====================================

; МЦД-4

;PenColor C0C0C0
;BrushColor -1
;Polygon 559,-7, 636,58, 699,112, 761,167, 819,221, 878,278, 939,339, 989,391, 1047,453, 1110,525, 1175,602, 1151,622, 1097,559, 1050,505, 953,401, 916,363, 856,302, 799,247, 740,192, 679,137, 619,85, 540,17, 

; пути
PenColor 3FB585
Line 75,637, 22,27, 20
Line 136,639, 82,20, 20
PenColor 2F7555
Railway 10, 14, 4, 86,10, 141,640
Railway 10, 14, 4, 26,18, 81,639


PenColor 000000
Line 86,636, 33,26
Line 70,23, 123,633
Line 123,633, 86,636
Line 70,23, 33,26

BrushColor -1
PenColor 3FB585
AngleTextOut -85, Arial, 25, 88, 218, Кутузовская (МЦД-4), 1
AngleTextOut -85, Arial, 20, 73, 23, << Москва-Сити
AngleTextOut -85, Arial, 20, 98, 515, Поклонная >>

====================================

; МЦК

;Пути
PenColor DE7272
Spline 462,1020, 401,877, 336,691, 20
Spline 466,1227, 397,1075, 325,901, 20
PenColor D56060
Dashed 462,1020, 401,877, 336,691, 13
Dashed 466,1227, 397,1075, 326,900, 13
PenColor 000000
Line 262,707, 322,687
Spline 322,687, 415,945, 534,1200
Line 531,1201, 481,1230
Spline 481,1230, 359,958, 262,707

BrushColor -1
PenColor DE7272
AngleTextOut -67, Arial, 25, 362, 847, Кутузовская (МЦК), 1
AngleTextOut -70, Arial, 20, 327, 702, << Москва-Сити
AngleTextOut -66, Arial, 20, 457, 1118, Лужники >>
