Size 800x1350
==========================
; метро

; пути

Angle 15

PenColor 000000
BrushColor 2C7CAC

Polygon 462,848, 492,848, 492,1298, 462,1298
Polygon 495,848, 525,848, 525,1298, 495,1298


; платформы

PenColor 000000
Line 424,820, 424,1220
Line 563,820, 563,1220

; левый вестибюль

PenColor 000000
Line 415,731, 415,811, 424,820
Line 575,713, 572,713, 572,811, 563,820
Line 548,788, 527,788, 527,848, 525,848
Line 438,786, 460,786, 460,848, 462,848
Line 558,840, 558,848, 0.5
Line 429,840, 429,848, 0.5
Stairs 415,746, 433,746, 415,784
Stairs 554,746, 572,746, 554,784
Stairs 429,842, 460,842, 429,848
Stairs 558,842, 527,842, 558,848
Stairs 401,713, 401,731, 410,713
Stairs 401,693, 401,675, 410,693

BrushColor D0D0D0
Polygon 549,795, 554,795, 554,742, 433,742, 433,794, 438,794, 438,749, 549,749

; касса
PenColor 000000
BrushColor FFFFFF
Polygon 507,667, 507,675, 467,675, 467,667
BrushColor -1
AngleTextOut 0, Arial, 10, 476, 664, кассы

BrushColor D0D0D0
Polygon 415,693, 415,713, 396,713, 396,693

; турникеты
Line 415,703, 431,703, 0.5
Line 496,703, 531,703, 0.5
Line 556,727, 572,727, 0.5
BrushColor -1
Polygon 494,700, 494,706, 488,706, 488,700
PenColor 009900
Stairs 433,701, 433,705, 485,701
PenColor FF0000
Stairs 534,703, 531,706, 557,726

; стрелки
PenColor FF0000
Arrow 567,808, 567,793
Arrow 428,809, 428,795
Arrow 565,703, 580,703
PenColor 009900
Arrow 559,793, 559,808
Arrow 421,795, 421,809
Arrow 455,697, 455,711
Arrow 579,694, 565,694

;инфосос
PenColor 94949C
BrushColor 94949C
Polygon 493,737, 489,737, 489,739, 493,739
PenColor FF0000
BrushColor FF0000
Polygon 497,737, 493,737, 493,739, 497,739


; правый вестибюль

PenColor 000000
Line 607,1361, 604,1361, 604,1366, 415,1366, 415,1229, 424,1220
Line 580,1023, 580,1311, 572,1311, 572,1229, 563,1220
Line 606,1319, 604,1319, 604,1313, 606,1313
Line 606,1337, 604,1337, 604,1343, 606,1343
Line 580,1315, 580,1311
Line 564,1338, 564,1342
Line 564,1362, 564,1366

Stairs 415,1299, 434,1299, 415,1261
Stairs 554,1300, 572,1300, 554,1262

BrushColor D0D0D0
Polygon 549,1244, 554,1244, 554,1303, 433,1303, 433,1244, 438,1244, 438,1298, 549,1298

; касса
BrushColor FFFFFF
Polygon 519,1374, 519,1366, 480,1366, 480,1374
BrushColor -1
AngleTextOut 0, Arial, 10, 489, 1364, кассы

; турникеты
Line 563,1311, 571,1311, 0.5
Line 493,1332, 493,1340, 564,1340, 0.5
Line 430,1331, 418,1331, 0.5
BrushColor -1
Polygon 490,1335, 490,1328, 483,1328, 483,1335
PenColor 009900
Stairs 431,1333, 431,1329, 482,1333
PenColor FF0000
Stairs 562,1336, 558,1336, 562,1311

; стрелки
PenColor FF0000
Arrow 567,1239, 567,1252
Arrow 427,1236, 427,1249
Arrow 556,1326, 569,1326
PenColor 009900
Arrow 559,1252, 559,1239
Arrow 420,1249, 420,1236
Arrow 449,1337, 449,1324
Arrow 568,1354, 555,1354

;инфосос
PenColor 94949C
BrushColor 94949C
Polygon 495,1307, 499,1307, 499,1308, 495,1308
PenColor FF0000
BrushColor FF0000
Polygon 491,1307, 495,1307, 495,1308, 491,1308

====================================

; МЦД-4

;PenColor C0C0C0
;BrushColor -1
;Polygon 559,-7, 636,58, 699,112, 761,167, 819,221, 878,278, 939,339, 989,391, 1047,453, 1110,525, 1175,602, 1151,622, 1097,559, 1050,505, 953,401, 916,363, 856,302, 799,247, 740,192, 679,137, 619,85, 540,17, 

; пути
PenColor 3FB585
Line 232,562, 232,-31, 20
Line 253,562, 253,-31, 20
PenColor 2F7555
Railway 10, 14, 4, 258,-41, 258,572
Railway 10, 14, 4, 236,-41, 237,572

; платформ
PenColor 000000
BrushColor EEEEEE
Polygon 265,-41, 302,-41, 302,572, 265,572
Polygon 183,-41, 220,-41, 220,572, 183,572

Line 201,472, 201,492
Line 284,472, 284,493
Stairs 183,474, 201,474, 183,492
Stairs 284,475, 302,475, 284,493

BrushColor -1
PenColor 3FB585
;AngleTextOut -90, Arial, 25, 341, 159, Кутузовская (МЦД-4), 1
AngleTextOut -90, Arial, 20, 289, -39, << Москва-Сити
AngleTextOut -90, Arial, 20, 220, 196, Поклонная >>
PenColor 000000
AngleTextOut -90, Arial, 25, 260, 14, Кутузовская (МЦД-4), 1
PenColor FFFFFF
AngleTextOut -90, Arial, 25, 261, 13, Кутузовская (МЦД-4), 1

====================================

; МЦК

;Пути
PenColor DE7272
Line 377,1020, 377,687, 20
Line 295,1119, 295,782, 20
PenColor D56060
Dashed 377,1020, 377,687, 13
Dashed 295,1119, 296,781, 13

; платформа
PenColor EEEEEE
BrushColor EEEEEE
;Polygon 365,680, 307,680, 307,1056, 313,1062, 307,1068, 316,1077, 302,1091, 365,1154, 3
Polygon 365,680, 307,680, 307,1127, 365,1127

PenColor 000000
Line 324,680, 307,680, 307,1127, 365,1127, 365,680
Line 307,664, 307,661, 304,661, 304,544
Line 324,680, 324,661, 321,661, 321,664
Line 336,599, 336,559
Line 324,660, 324,616, 0.5
Line 324,591, 324,553, 331,546, 0.5
Line 343,534, 354,523, 0.5
Stairs 336,815, 318,815, 336,777
Stairs 336,561, 354,561, 336,599
Stairs 221,823, 233,835, 237,807
Stairs 333,1039, 351,1039, 333,1076
Stairs 580,1251, 598,1251, 580,1289

BrushColor D0D0D0
Polygon 249,819, 231,837, 269,837, 269,832, 249,832

;инфосос
PenColor 94949C
BrushColor 94949C
Polygon 310,604, 315,604, 315,602, 310,602
PenColor FF0000
BrushColor FF0000
Polygon 305,604, 310,604, 310,602, 305,602

; эскалатор 1 верт
PenColor 7F7F7F
Stairs 339,813, 344,813, 339,778
PenColor 000000
BrushColor 9B5509
Polygon 339,774, 339,818, 336,818, 336,774
Polygon 344,774, 344,818, 347,818, 347,774

; эскалатор 2 верт
PenColor 7F7F7F
Stairs 336,659, 349,659, 336,624
PenColor 000000
BrushColor 9B5509
Polygon 336,620, 336,664, 333,664, 333,620
Polygon 341,620, 344,620, 344,664, 341,664
Polygon 349,620, 349,664, 352,664, 352,620

;инфосос
PenColor 94949C
BrushColor 94949C
Polygon 336,838, 341,838, 341,836, 336,836
PenColor FF0000
BrushColor FF0000
Polygon 331,838, 336,838, 336,836, 331,836

;инфосос
PenColor 94949C
BrushColor 94949C
Polygon 333,1009, 338,1009, 338,1007, 333,1007
PenColor FF0000
BrushColor FF0000
Polygon 328,1009, 333,1009, 333,1007, 328,1007

; туалет
PenColor 000000
BrushColor 99FF99
Polygon 372,836, 381,836, 381,845, 372,845
BrushColor -1
AngleTextOut 0, Arial, 10, 374, 835, Т

; эскалатор 1 верт
PenColor 7F7F7F
Stairs 325,1076, 330,1076, 325,1041
PenColor 000000
BrushColor 9B5509
Polygon 325,1037, 325,1081, 322,1081, 322,1037
Polygon 330,1037, 330,1081, 333,1081, 333,1037


;лифт
PenColor 000000
BrushColor D0EFFF
Polygon 333,755, 333,740, 348,740, 348,755
BrushColor -1
AngleTextOut 0, Arial, 6, 334, 744, лифт

;лифт
PenColor 000000
BrushColor D0EFFF
Polygon 332,695, 332,680, 347,680, 347,695
BrushColor -1
AngleTextOut 0, Arial, 6, 333, 684, лифт

=======================================
 ;  выход 2
PenColor 000000
=======================================

Opaque 80
PenColor FFFFFF
BrushColor FFFFFF
;PenColor FF7700
;BrushColor 00FFFF
Polygon 351,1023, 351,1057, 321,1057, 321,1085, 365,1085, 365,1153, 296,1084, 310,1070, 301,1061, 307,1055, 280,1028, 280,1005, 574,1005, 574,1023
Polygon 284,774, 284,794, 295,783, 315,783, 315,771, 350,771, 350,850, 372,850, 372,781, 392,781, 392,675, 375,675, 356,694, 356,755, 303,755
Polygon 303,551, 224,551, 224,524, 183,524, 183,361, 219,361, 219,372, 266,372, 266,361, 302,361
Polygon 331,644, 354,644, 354,666, 331,666
Polygon 335,579, 354,579, 354,600, 335,600
Opaque 100

====================================

; МЦД-4

Line 183,524, 224,524, 224,544, 304,544
Line 183,-41, 183,572
Line 302,-41, 302,482
Line 220,372, 265,372
Line 284,451, 284,472, 302,472
Line 201,452, 201,472, 183,472
Line 183,361, 193,361
Line 212,361, 219,361
Line 266,361, 273,361
Line 292,361, 302,361
Line 309,500, 302,500, 302,482, 617,482, 617,636, 614,636
Line 354,500, 347,500
Line 354,680, 354,500, 599,500, 599,636, 602,636
Line 333,644, 352,644
Line 336,579, 354,579
Stairs 284,453, 302,453, 284,472
Stairs 183,454, 201,454, 183,472

BrushColor D0D0D0
Polygon 224,544, 224,551, 304,551, 304,544


; кассы
PenColor 000000
BrushColor FFFFFF
Polygon 272,544, 272,551, 244,551, 244,544
BrushColor -1
AngleTextOut 0, Arial, 10, 246, 540, кассы

;лифт
PenColor 000000
BrushColor D0EFFF
Polygon 183,425, 183,410, 198,410, 198,425
BrushColor -1
AngleTextOut 0, Arial, 6, 184, 414, лифт

;лифт
PenColor 000000
BrushColor D0EFFF
Polygon 287,424, 287,409, 302,409, 302,424
BrushColor -1
AngleTextOut 0, Arial, 6, 288, 413, лифт

; турникеты
Line 263,499, 263,488, 268,488, 268,478, 0.5
Line 234,474, 231,474, 231,466, 0.5
Line 207,466, 201,466, 0.5
Stairs 208,463, 208,469, 231,463
Stairs 235,471, 235,478, 268,471
Stairs 264,496, 264,501, 303,496

; эскалатор 2 верт
PenColor 7F7F7F
Stairs 196,375, 209,375, 196,340
PenColor 000000
BrushColor 9B5509
Polygon 196,336, 196,380, 193,380, 193,336
Polygon 201,336, 204,336, 204,380, 201,380
Polygon 209,336, 209,380, 212,380, 212,336

; эскалатор 2 верт
PenColor 7F7F7F
Stairs 276,375, 289,375, 276,340
PenColor 000000
BrushColor 9B5509
Polygon 276,336, 276,380, 273,380, 273,336
Polygon 281,336, 284,336, 284,380, 281,380
Polygon 289,336, 289,380, 292,380, 292,336


====================================

; метро север

PenColor 000000
Line 375,675, 356,694, 356,755, 303,755, 285,773, 278,766, 219,825
Line 347,779, 350,779, 350,850, 372,850, 372,781, 392,781, 392,731, 415,731
Line 231,851, 282,851, 282,818, 260,818, 295,783, 315,783, 315,775, 318,775, 318,818
Line 575,686, 572,686, 572,675, 375,675

; турникеты
BrushColor FFFFFF
Line 396,703, 375,703, 375,737, 0.5
Line 348,1022, 320,1022, 0.5
Line 320,1057, 320,1027, 0.5
Line 304,1031, 293,1020, 293,1013, 0.5
Polygon 317,1028, 314,1025, 317,1022, 320,1025
PenColor 009900
Stairs 330,544, 333,547, 343,531
Stairs 359,733, 359,737, 372,733
Stairs 298,765, 296,767, 304,771
Stairs 306,1039, 303,1036, 299,1046
PenColor FF0000
Stairs 322,593, 326,593, 322,614
Stairs 379,733, 379,737, 392,733
Stairs 306,773, 304,775, 312,779
Stairs 312,1027, 315,1030, 306,1033

====================================

; метро центр

PenColor 000000
Line 303,1003, 303,1005, 598,1005, 598,1294, 604,1294, 604,1302, 606,1302
Line 365,1085, 351,1085, 351,1023, 580,1023
Line 351,1057, 322,1057
Line 283,1003, 283,1005, 280,1005, 280,1028, 307,1055, 301,1061, 310,1070, 296,1084, 365,1153, 365,1085
Line 365,680, 354,680

;инфосос
PenColor 94949C
BrushColor 94949C
Polygon 318,1042, 318,1038, 320,1038, 320,1042
PenColor FF0000
BrushColor FF0000
Polygon 318,1046, 318,1042, 320,1042, 320,1046

;лифт
PenColor 000000
BrushColor D0EFFF
Polygon 329,1114, 329,1099, 344,1099, 344,1114
BrushColor -1
AngleTextOut 0, Arial, 6, 330, 1103, лифт

BrushColor -1
PenColor 000000
AngleTextOut -90, Arial, 30, 515, 969, Кутузовская, 1
AngleTextOut -90, Arial, 20, 522, 856, << Фили
AngleTextOut -90, Arial, 20, 484, 1147, Студенческая >>
PenColor FFFFFF
AngleTextOut -90, Arial, 30, 518, 967, Кутузовская, 1
AngleTextOut -90, Arial, 20, 524, 855, << Фили
AngleTextOut -90, Arial, 20, 486, 1145, Студенческая >>

====================================
; МЦК
BrushColor -1
PenColor DE7272
AngleTextOut -90, Arial, 25, 356, 824, Кутузовская, 1
AngleTextOut -90, Arial, 25, 337, 872, (МЦК), 1
AngleTextOut -90, Arial, 20, 410, 786, << Москва-Сити
AngleTextOut -90, Arial, 20, 288, 861, Лужники >>

====================================

; Названия улиц голубым
PenColor 00AFAF
BrushColor -1
AngleTextOut -90, Arial, 15, 772, 758, Киевская улица
AngleTextOut -90, Arial, 15, 650, 923, 3 транспортное кольцо
AngleTextOut 0, Arial, 15, 70, 931, Кутузовский проспект

Angle -15

; Выходы
PenColor FFD900
BrushColor 615F56
SpotRect 769, 1203, 30, 30, ShowMessage Выход №1
SpotRect 336, 1004, 30, 30
SpotRect 237, 884, 30, 30
SpotRect 593, 638, 30, 30
SpotRect 605, 579, 30, 30
SpotRect 268, 687, 30, 30
BrushColor -1
TextOut Arial, 25, 778, 1206, 1
TextOut Arial, 25, 343, 1006, 2
TextOut Arial, 25, 244, 886, 3
TextOut Arial, 25, 600, 640, 4
TextOut Arial, 25, 612, 581, 5
TextOut Arial, 25, 275, 689, 6
