Size 700x710

Angle 45

;Пути
BrushColor FC9C54
Polygon 609,311, 609,281, 159,281, 159,311
Polygon 159,421, 159,391, 609,391, 609,421

;здание
PenColor DFDFDF
BrushColor FEFBF1
Polygon 74,290, -17,290, -17,300, -79,300, -79,412, 74,412


; левый вестибюль
PenColor 000000
Line 74,313, 74,316, 9,316, 9,324, 34,324, 34,330, 159,330, 159,311
Line 74,389, 74,386, 9,386, 9,385, -19,385, -19,379, 9,379, 9,378, 34,378, 34,372, 159,372, 159,391
Line 74,409, 74,412, -49,412, -49,378, -66,378, -66,324, -20,324, -20,300, -17,300, -17,290, 74,290, 74,293

;эскалаторы
PenColor 7F7F7F
Stairs 39,332, 39,370, 136,332
PenColor 000000
BrushColor 9B5509
Polygon 139,342, 36,342, 36,347, 139,347
Polygon 139,355, 36,355, 36,360, 139,360
Polygon 139,330, 36,330, 36,334, 139,334
Polygon 140,368, 36,368, 36,372, 140,372

; кассы
BrushColor -1
Line -66,350, -79,350, -79,376, -66,376
AngleTextOut -90, Arial, 10, -66, 351, кассы

; турникеты
Line 35,356, -35,336, 0.5
Polygon -35,337, -39,340, -42,336, -38,333
PenColor 009900
Stairs -34,341, -37,343, -13,374

; правый вестибюль
PenColor 000000
Line 804,317, 691,317, 691,331, 609,331, 609,311
Line 804,385, 691,385, 691,371, 609,371, 609,391
BrushColor D0D0D0
Polygon 788,336, 804,336, 804,366, 788,366, 788,363, 793,363, 793,339, 788,339

;эскалаторы
PenColor 7F7F7F
Stairs 633,334, 633,368, 727,334
PenColor 000000
BrushColor 9B5509
Polygon 629,342, 732,342, 732,347, 629,347
Polygon 629,355, 732,355, 732,360, 629,360
Polygon 629,331, 732,331, 732,334, 629,334
Polygon 629,368, 732,368, 732,371, 629,371

; турникеты
BrushColor -1
Polygon 763,343, 762,348, 757,347, 758,342
Line 733,345, 759,339, 771,339, 0.5
PenColor 009900
Stairs 756,350, 761,351, 749,382

;кассы
PenColor 000000
Polygon 783,339, 783,363, 793,363, 793,339
AngleTextOut -90, Arial, 9, 794, 341, касса

;стрелки
PenColor FF0000
Arrow 793,326, 808,326
Arrow 719,339, 732,339
Arrow 59,303, 79,303
Arrow 51,338, 36,338
PenColor 009900
Arrow 732,363, 719,363
Arrow 808,376, 793,376
Arrow 79,399, 56,399
Arrow 36,364, 51,364
Arrow -36,373, -27,364

;инфососы
PenColor 34349C
BrushColor 34349C
Polygon 765,337, 760,337, 760,335, 765,335
Polygon 299,355, 299,360, 301,360, 301,355
Polygon -51,326, -46,326, -46,328, -51,328
PenColor FF0000
BrushColor FF0000
Polygon 770,337, 765,337, 765,335, 770,335
Polygon 299,350, 299,355, 301,355, 301,350
Polygon -56,326, -51,326, -51,328, -56,328


BrushColor -1
PenColor 000000
AngleTextOut 0, Arial, 25, 351, 308, Ленинский проспект, 1
PenColor F7782E
AngleTextOut 0, Arial, 25, 350, 307, Ленинский проспект, 1
AngleTextOut 0, Arial, 20, 344, 258, << Академическая
AngleTextOut 0, Arial, 20, 482, 422, Шаболовская >>


;названия улиц голубым
PenColor 00AFAF
BrushColor -1
AngleTextOut -90, Arial, 15, 392, 128, площадь Гагарина
AngleTextOut 0, Arial, 15, 327, 35, Ленинский проспект
AngleTextOut 0, Arial, 15, 303, 728, улица Вавилова


;переход
PenColor 000000
Line 518,338, 416,338
Stairs 480,363, 480,338, 518,363
Stairs 454,363, 454,338, 418,363
;

; ==================================
Angle -90


; МЦК

; МЦК береговая

; между платформ

PenColor 000000
Line 610,340, 610,500, 698,500, 698,441
Line 698,441
Line 632,375, 632,465

BrushColor D0D0D0
Polygon 624,368, 618,368, 618,472, 624,472

Opaque 80
PenColor FFFFFF
BrushColor FFFFFF
Polygon 609,375, 633,375, 633,465, 609,465
Opaque 100


;Пути

PenColor DE7272
Line 584,409, 229,409, 20
Line 688,431, 333,431, 20
PenColor D56060
Dashed 584,409, 229,409, 13
Dashed 688,431, 333,431, 13


; северная платформа

PenColor 000000
Line 632,375, 449,375, 449,342
Line 532,329, 590,329, 590,368, 496,368, 496,342, 493,342
Stairs 568,350, 568,368, 530,350
Stairs 570,347, 570,329, 532,347
Stairs 490,330, 490,312, 452,330
Stairs 637,340, 637,358, 675,340

PenColor 000000
Spline 631,327, 627,318, 618,314
Spline 610,340, 600,336, 596,326

BrushColor D0D0D0
Polygon 435,368, 435,375, 441,375, 441,368
Polygon 690,368, 684,368, 684,375, 690,375
Polygon 632,375, 632,368, 676,368, 676,375

; турникеты
BrushColor -1
Stairs 617,324, 620,327, 624,317
Stairs 598,325, 598,329, 611,325
Polygon 615,326, 612,329, 615,332, 618,329
PenColor 009900
Stairs 437,365, 437,361, 428,365
PenColor FF0000
Stairs 447,361, 447,365, 439,361

; эскалатор 1 гор
PenColor 7F7F7F
Stairs 452,333, 452,339, 490,333
PenColor 000000
BrushColor 9B5509
Polygon 449,339, 493,339, 493,342, 449,342
Polygon 449,333, 449,330, 493,330, 493,333

; эскалатор 1 гор
PenColor 7F7F7F
Stairs 638,361, 638,365, 672,361
PenColor 000000
BrushColor 9B5509
Polygon 634,365, 675,365, 675,368, 634,368
Polygon 634,361, 634,358, 675,358, 675,361

;лифт
PenColor 000000
BrushColor D0EFFF
Polygon 464,345, 464,360, 449,360, 449,345
BrushColor -1
AngleTextOut 0, Arial, 6, 450, 348, лифт

;стрелки
PenColor 000000
Arrow 623,327, 615,319
Arrow 604,323, 604,334
Arrow 652,363, 664,363
PenColor FF0000
Arrow 464,336, 478,336



; южная платформа

PenColor 000000
Line 630,465, 528,465, 528,484, 537,484, 537,482
Stairs 637,500, 637,482, 675,500
Stairs 367,519, 367,537, 393,519

BrushColor D0D0D0
Polygon 632,465, 632,472, 676,472, 676,465
Polygon 418,465, 418,472, 514,472, 514,465
Polygon 684,472, 684,465, 690,465, 690,472

;лифт
PenColor 000000
BrushColor D0EFFF
Polygon 537,482, 537,467, 552,467, 552,482
BrushColor -1
AngleTextOut 0, Arial, 6, 538, 471, лифт

;лифт
PenColor 000000
BrushColor D0EFFF
Polygon 631,340, 631,325, 646,325, 646,340
BrushColor -1
AngleTextOut 0, Arial, 6, 632, 329, лифт



; турникеты
PenColor 009900
Stairs 508,496, 511,496, 508,473
PenColor FF0000
Stairs 414,466, 414,470, 403,466
PenColor 000000
Stairs 530,487, 535,487, 530,497

; эскалатор 1 гор
PenColor 7F7F7F
Stairs 638,475, 638,479, 672,475
PenColor 000000
BrushColor 9B5509
Polygon 634,479, 675,479, 675,482, 634,482
Polygon 634,475, 634,472, 675,472, 675,475

;стрелки
PenColor 000000
Arrow 653,477, 663,477

Opaque 70
PenColor FFFFFF
BrushColor FFFFFF
;Polygon 486,484, 377,484, 377,537, 486,537
Polygon 402,484, 402,502, 385,502, 385,537, 399,537, 416,520, 416,484
Polygon 385,249, 385,227, 417,227, 417,249
Polygon 275,399, 275,375, 417,375, 417,399
Polygon 275,465, 275,441, 417,441, 417,484, 402,484, 402,465
Opaque 100

;инфососы
PenColor 94949C
BrushColor 94949C
Polygon 389,382, 394,382, 394,380, 389,380
PenColor FF0000
BrushColor FF0000
Polygon 384,382, 389,382, 389,380, 384,380

;инфососы
PenColor 94949C
BrushColor 94949C
Polygon 363,458, 368,458, 368,456, 363,456
PenColor FF0000
BrushColor FF0000
Polygon 358,458, 363,458, 363,456, 358,456

PenColor 000000
Line 552,482, 552,499, 437,499, 399,537
Line 399,502, 402,502, 402,484
Line 631,327, 631,340, 698,340, 698,399, 219,399, 219,375, 427,375, 427,312, 514,312, 514,350, 572,350, 572,347, 532,347
Line 402,484, 402,465, 219,465
Line 219,465, 219,441, 698,441
Line 618,314, 618,186, 596,186, 596,253, 478,253, 452,227, 358,227, 358,187
Line 596,326, 596,275, 468,275, 442,249, 358,249, 358,289
Line 435,238, 358,238

; эскалатор 2 гор
PenColor 7F7F7F
Stairs 366,505, 366,516, 396,505
PenColor 000000
BrushColor 9B5509
Polygon 362,516, 399,516, 399,519, 362,519
Polygon 362,512, 362,509, 399,509, 399,512
Polygon 362,505, 399,505, 399,502, 362,502

BrushColor -1
PenColor DE7272
AngleTextOut 0, Arial, 20, 220, 376, << Лужники
AngleTextOut 0, Arial, 20, 585, 436, Крымская >>
PenColor 000000
AngleTextOut 0, Arial, 25, 320, 402, Площадь Гагарина (МЦК), 1
PenColor FFFFFF
AngleTextOut 0, Arial, 25, 319, 401, Площадь Гагарина (МЦК), 1

Opaque 70
PenColor FFFFFF
BrushColor FFFFFF
Polygon 486,484, 377,484, 377,537, 486,537
Opaque 100

PenColor 
Line 362,502, 362,500, 377,500, 377,537
Line 489,520, 486,520, 486,537, 344,537, 344,484, 486,484, 486,503, 489,503
Stairs 439,484, 439,503, 425,484
Stairs 459,484, 459,503, 445,484
Stairs 479,484, 479,503, 465,484
Stairs 439,537, 439,519, 425,537
Stairs 459,537, 459,519, 445,537
Stairs 479,537, 479,519, 465,537

BrushColor D0D0D0
Polygon 441,503, 441,519, 425,519, 425,503
Polygon 461,503, 461,519, 445,519, 445,503
Polygon 481,503, 481,519, 465,519, 465,503

; Выходы
Angle 45
PenColor FFD900
BrushColor 615F56
SpotRect 12, 676, 30, 30, ShowMessage Выход №1
SpotRect 663, 100, 30, 30
SpotRect 509, 445, 30, 30
SpotRect 333, 576, 30, 30
BrushColor -1
TextOut Arial, 25, 20, 677, 1
TextOut Arial, 25, 671, 101, 2
TextOut Arial, 25, 517, 446, 3
TextOut Arial, 25, 341, 577, 4
