Size 890x1430

Angle 40

; перекресток
PenColor F5F5F5
BrushColor F5F5F5
Spline 471,21, 479,445, 526,636, 551,1249, 40
Spline 528,654, 579,757, 658,865, 796,990, 40


; ============================================================

; МЦК береговая

; платформы
PenColor EEEEEE
BrushColor EEEEEE
Polygon -159,1033, 398,1033, 398,1038, 320,1038, 320,1039, 296,1039, 296,1058, 320,1058, 320,1064, -159,1064
Polygon -159,1106, -159,1132, 252,1132, 256,1136, 296,1136, 296,1117, 320,1117, 320,1106

PenColor D0D0D0
Line 349,1056, 329,1056
Line 349,1121, 329,1121
Line 322,1064, 398,1064, 398,1053
Line 322,1106, 398,1106, 398,1122
Line 402,900, 422,900, 422,890
Spline 422,890, 429,884, 438,884, 445,890
Line 445,890, 445,913, 402,913
Stairs 347,1056, 347,1038, 329,1056
Stairs 347,1121, 347,1137, 329,1121

PenColor 000000
Line 320,1039, 320,1038, 401,1038, 401,1066, 414,1066, 414,947, 401,947, 401,897, 392,897, 392,869
Line 320,1058, 320,1117
Line 320,1136, 320,1137, 401,1137, 401,1104, 414,1104, 414,1224
Line 377,1224, 377,1214, 359,1214, 359,1180, 349,1180, 349,1178
Line 334,1178, 334,1180, 325,1180, 325,1250, 334,1250, 334,1252
Line 349,1252, 349,1250, 377,1250, 377,1243
Line 414,1243, 414,1250, 453,1250, 453,988, 497,988, 497,978, 500,978
Line 369,1056, 349,1056, 349,1038
Line 369,1121, 349,1121, 349,1137
Line 377,1214, 414,1214
Line 377,1250, 414,1250
Line 433,896, 433,926
Line 401,925, 410,925
Line 457,925, 466,925
Line 396,913, 400,913
Line 396,900, 400,900
Stairs 351,1056, 351,1038, 369,1056
Stairs 351,1137, 351,1121, 369,1137
Stairs 421,926, 433,926, 421,896
Stairs 446,896, 433,896, 446,926
Stairs 465,988, 465,953, 487,988

;инфосос
PenColor 94949C
BrushColor 94949C
Polygon 128,1050, 128,1046, 126,1046, 126,1050
PenColor FF0000
BrushColor FF0000
Polygon 128,1054, 128,1050, 126,1050, 126,1054

;инфосос
PenColor 94949C
BrushColor 94949C
Polygon 128,1121, 128,1117, 126,1117, 126,1121
PenColor FF0000
BrushColor FF0000
Polygon 128,1125, 128,1121, 126,1121, 126,1125



; турникеты
PenColor 000000
BrushColor -1
Polygon 388,1056, 388,1063, 395,1063, 395,1056
PenColor 009900
Stairs 390,1091, 394,1091, 390,1065
PenColor FF0000
Stairs 390,1095, 394,1095, 390,1120

; эскалатор 2 гор
PenColor 7F7F7F
Stairs 286,1042, 286,1055, 321,1042
PenColor 000000
BrushColor 9B5509
Polygon 325,1042, 281,1042, 281,1039, 325,1039
Polygon 325,1047, 325,1050, 281,1050, 281,1047
Polygon 325,1055, 281,1055, 281,1058, 325,1058

; эскалатор 2 гор
PenColor 7F7F7F
Stairs 286,1120, 286,1133, 321,1120
PenColor 000000
BrushColor 9B5509
Polygon 325,1120, 281,1120, 281,1117, 325,1117
Polygon 325,1125, 325,1128, 281,1128, 281,1125
Polygon 325,1133, 281,1133, 281,1136, 325,1136

; эскалатор 2 гор
PenColor 7F7F7F
Stairs 379,1227, 379,1240, 414,1227
PenColor 000000
BrushColor 9B5509
Polygon 418,1227, 374,1227, 374,1224, 418,1224
Polygon 418,1232, 418,1235, 374,1235, 374,1232
Polygon 418,1240, 374,1240, 374,1243, 418,1243

BrushColor -1
AngleTextOut 0, Arial, 6, 383, 1213, 2 уровня
AngleTextOut 0, Arial, 6, 380, 1217, эскалаторов

; эскалатор 1 верт
PenColor 7F7F7F
Stairs 449,928, 454,928, 449,893
PenColor 000000
BrushColor 9B5509
Polygon 449,889, 449,933, 446,933, 446,889
Polygon 454,889, 454,933, 457,933, 457,889

; эскалатор 1 верт
PenColor 7F7F7F
Stairs 413,928, 418,928, 413,893
PenColor 000000
BrushColor 9B5509
Polygon 413,889, 413,933, 410,933, 410,889
Polygon 418,889, 418,933, 421,933, 421,889

;инфосос
PenColor 94949C
BrushColor 94949C
Polygon 406,903, 406,899, 404,899, 404,903
PenColor FF0000
BrushColor FF0000
Polygon 406,907, 406,903, 404,903, 404,907

; кассы
PenColor 000000
BrushColor -1
Line 392,869, 384,869, 384,897, 392,897
AngleTextOut 90, Arial, 10, 381, 895, кассы

; туалет
PenColor 000000
BrushColor 99FF99
Polygon 392,916, 401,916, 401,925, 392,925
BrushColor -1
AngleTextOut 0, Arial, 10, 394, 915, Т

;лифт
PenColor 000000
BrushColor D0EFFF
Polygon 457,940, 457,925, 472,925, 472,940
BrushColor -1
AngleTextOut 0, Arial, 6, 458, 929, лифт


;лифт
PenColor 000000
BrushColor D0EFFF
Polygon 460,978, 460,963, 475,963, 475,978
BrushColor -1
AngleTextOut 0, Arial, 6, 461, 967, лифт

;лифт
PenColor 000000
BrushColor D0EFFF
Polygon 383,1053, 383,1038, 398,1038, 398,1053
BrushColor -1
AngleTextOut 0, Arial, 6, 384, 1042, лифт

;лифт
PenColor 000000
BrushColor D0EFFF
Polygon 383,1137, 383,1122, 398,1122, 398,1137
BrushColor -1
AngleTextOut 0, Arial, 6, 384, 1126, лифт

;лифт
PenColor 000000
BrushColor D0EFFF
Polygon 436,1248, 436,1233, 451,1233, 451,1248
BrushColor -1
AngleTextOut 0, Arial, 6, 437, 1237, лифт

; кассы
PenColor 000000
BrushColor -1
Line 359,1183, 368,1183, 368,1211, 359,1211
AngleTextOut 90, Arial, 10, 358, 1209, кассы

;инфосос
PenColor 94949C
BrushColor 94949C
Polygon 451,1085, 451,1081, 449,1081, 449,1085
PenColor FF0000
BrushColor FF0000
Polygon 451,1089, 451,1085, 449,1085, 449,1089

Opaque 70
; "закрыто"
PenColor FFD0D0
BrushColor FFD0D0
Polygon 457,951, 457,989, 501,989, 501,951
PenColor FF4040

Opaque 100
PenColor FF4040
BrushColor -1
AngleTextOut -90, Arial, 10, 485, 953, Закрыто
Dashed 457,951, 457,989, 501,989, 501,951, 457,951
BrushColor 000000



;Пути
PenColor DE7272
Line 206,1074, -149,1074, 20
Line 257,1096, -98,1096, 20
PenColor D56060
Dashed 206,1074, -149,1074, 13
Dashed 257,1096, -98,1096, 13
PenColor 000000
Line
Line 281,1136, 256,1136, 252,1132, -159,1132, -159,1106, 318,1106
Line 318,1064, -159,1064, -159,1033, 398,1033, 398,1038

BrushColor -1
PenColor DE7272
AngleTextOut 0, Arial, 20, -158, 1041, << Коптево
AngleTextOut 0, Arial, 20, 149, 1103, Окружная >>
PenColor 000000
AngleTextOut 0, Arial, 25, -79, 1067, Лихоборы (МЦК), 1
PenColor FFFFFF
AngleTextOut 0, Arial, 25, -80, 1066, Лихоборы (МЦК), 1

; ============================================================
; МЦД-3
; Береговая

; пути
PenColor EA5B04
Line 713,716, 713,66, 20
Line 692,716, 692,66, 20

PenColor D0D0D0
Railway 10, 14, 4, 687,58, 687,-51
Railway 10, 14, 4, 708,58, 708,-51
Railway 10, 14, 4, 688,1077, 687,724
Railway 10, 14, 4, 709,1077, 708,724
PenColor D82400
Railway 10, 14, 4, 687,724, 687,58
Railway 10, 14, 4, 708,724, 708,58

; платформы
PenColor EEEEEE
BrushColor EEEEEE
Polygon 766,545, 744,545, 744,388, 766,388, 766,58, 726,58, 726,853, 766,853
Polygon 679,59, 639,59, 639,388, 661,388, 661,545, 639,545, 639,855, 679,855

PenColor 000000
Line 661,777, 661,797
Line 744,796, 744,777
Stairs 744,779, 762,779, 744,796
Stairs 643,779, 661,779, 643,795
Stairs 787,789, 810,789, 787,827

PenColor 000000
Line 766,58, 726,58, 726,853, 766,853, 766,545, 744,545, 744,388, 766,388, 766,58
Line 679,59, 639,59, 639,388, 661,388, 661,545, 639,545, 639,855, 679,855, 679,59

PenColor 777777
Line 540,253, 540,213, 491,213
Line 448,213, 409,213, 409,253
Line 556,253, 556,161, 559,161, 559,253
Line 393,253, 393,161, 390,161, 390,253
Line 575,253, 575,145, 540,145, 540,197, 491,197
Line 448,197, 409,197, 409,145, 374,145, 374,253
Stairs 556,251, 540,251, 556,213
Stairs 393,251, 409,251, 393,213


Opaque 80
PenColor FFFFFF
BrushColor FFFFFF
Polygon 745,452, 660,452, 660,481, 745,481
Polygon 643,752, 643,861, 669,861, 650,880, 475,880, 475,908, 667,908, 690,885, 762,885, 762,752, 739,752, 739,767, 666,767, 666,752
Opaque 100

PenColor 000000
Line 639,521, 639,412
Line 657,412, 657,452, 748,452, 748,412
Line 657,521, 657,481, 748,481, 748,521
Line 766,521, 766,412
Line 643,412, 643,452, 0.5
Line 643,521, 643,481, 0.5
Line 762,412, 762,452, 0.5
Line 762,481, 762,521, 0.5
Line 741,727, 739,727, 739,767, 666,767, 666,727, 664,727
Line 645,727, 643,727, 643,861
Line 760,727, 762,727, 762,861
Line 723,817, 744,817, 744,797, 762,797
Line 723,835, 762,835
Line 682,817, 661,817, 661,797, 643,797
Line 682,835, 643,835
Line 392,869, 392,865, 472,865, 472,879, 651,879, 669,861, 643,861
Line 475,963, 494,963, 494,978, 475,978
Line 500,963, 497,963, 497,953, 453,953, 453,947, 472,947, 472,909, 667,909, 690,886, 810,886, 810,783, 805,783, 805,781
Line 792,781, 792,783, 787,783, 787,861, 730,861
Stairs 748,483, 762,483, 748,521
Stairs 748,450, 762,450, 748,412
Stairs 643,483, 657,483, 643,521
Stairs 643,450, 657,450, 643,412
Stairs 741,817, 741,835, 723,817
Stairs 664,817, 664,835, 682,817
Stairs 744,799, 762,799, 744,817
Stairs 643,799, 661,799, 643,817

BrushColor D0D0D0
Polygon 661,890, 675,876, 677,878, 663,892


;стрелки
PenColor FF0000
Arrow 670,871, 661,880
PenColor 009900
Arrow 675,891, 684,882

; турникеты
PenColor 000000
BrushColor -1
Polygon 671,857, 671,865, 679,865, 679,857
PenColor FF0000
Stairs 683,863, 683,859, 705,863
PenColor 009900
Stairs 707,863, 707,859, 728,863
Stairs 667,892, 669,890, 674,900

; эскалатор 2 верт
PenColor 7F7F7F
Stairs 744,766, 757,766, 744,731
PenColor 000000
BrushColor 9B5509
Polygon 744,727, 744,771, 741,771, 741,727
Polygon 749,727, 752,727, 752,771, 749,771
Polygon 757,727, 757,771, 760,771, 760,727

;лифт
PenColor 000000
BrushColor D0EFFF
Polygon 643,850, 643,835, 658,835, 658,850
BrushColor -1
AngleTextOut 0, Arial, 6, 644, 839, лифт

;лифт
PenColor 000000
BrushColor D0EFFF
Polygon 747,850, 747,835, 762,835, 762,850
BrushColor -1
AngleTextOut 0, Arial, 6, 748, 839, лифт

;лифт
PenColor 000000
BrushColor D0EFFF
Polygon 772,850, 772,835, 787,835, 787,850
BrushColor -1
AngleTextOut 0, Arial, 6, 773, 839, лифт

; эскалатор 2 верт
PenColor 7F7F7F
Stairs 648,766, 661,766, 648,731
PenColor 000000
BrushColor 9B5509
Polygon 648,727, 648,771, 645,771, 645,727
Polygon 653,727, 656,727, 656,771, 653,771
Polygon 661,727, 661,771, 664,771, 664,727

;инфосос
PenColor 94949C
BrushColor 94949C
Polygon 703,772, 708,772, 708,770, 703,770
PenColor FF0000
BrushColor FF0000
Polygon 698,772, 703,772, 703,770, 698,770


PenColor 000000
BrushColor -1
AngleTextOut 270, Arial, 25, 719, 324, Лихоборы (МЦД-3), 1
PenColor FFFFFF
AngleTextOut 270, Arial, 25, 721, 322, Лихоборы (МЦД-3), 1
PenColor EA5B04
AngleTextOut 270, Arial, 20, 748, 61, << Моссельмаш
AngleTextOut 270, Arial, 20, 678, 487, Петровско-Разумовская >>

; Названия улиц голубым
PenColor 00AFAF
BrushColor -1
AngleTextOut -60, Arial, 15, 568, 714, СВХ
AngleTextOut -80, Arial, 15, 523, 576, Валаамская улица
AngleTextOut 0, Arial, 15, 229, 1148, проезд Черепановых

Angle -40

; Выходы
PenColor FFD900
BrushColor 615F56
SpotRect 717, 1199, 30, 30, ShowMessage Выход №1
SpotRect 625, 1157, 30, 30
SpotRect 491, 899, 30, 30
SpotRect 727, 503, 30, 30
BrushColor -1
TextOut Arial, 25, 725, 1200, 1
TextOut Arial, 25, 633, 1158, 2
TextOut Arial, 25, 499, 900, 3
TextOut Arial, 25, 735, 504, 4
