Size 840x1140
;Angle -90

====================================
; БКЛ

; пути
PenColor 000000
BrushColor 30D5C8
Polygon 100,228, 100,198, 549,198, 549,228
Polygon 100,336, 100,306, 549,306, 549,336

PenColor 30D5C8
BrushColor -1
AngleTextOut 0, Arial, 20, 103, 174, << Савёловская
AngleTextOut 0, Arial, 20, 437, 336, Рижская >>
AngleTextOut 0, Arial, 25, 209, 243, Марьина роща (БКЛ), 1

; правый вестибюль

PenColor 000000
Line 549,228, 549,245
Line 549,306, 549,285
Line 496,245, 558,245, 558,211, 564,179, 566,179
Line 496,285, 608,285, 608,253, 599,253, 599,222, 605,186, 603,186
Line 496,281, 532,281, 0.5
Line 532,263, 496,263, 0.5
Line 595,247, 595,222, 0.5
Stairs 498,245, 498,281, 532,245
Stairs 595,244, 558,244, 595,223
BrushColor D0D0D0
Polygon 576,216, 575,222, 575,246, 581,246, 581,222, 582,217

; эскалатор 4 гор
PenColor 7F7F7F
Stairs 600,187, 568,182, 626,37
PenColor 000000
BrushColor 9B5509
Polygon 602,193, 630,33, 627,33, 599,193
Polygon 594,192, 622,32, 618,32, 590,192
Polygon 585,190, 613,30, 609,30, 581,190
Polygon 576,189, 604,29, 600,29, 572,189
Polygon 567,188, 595,28, 592,28, 564,188

;инфососы
PenColor 94949C
BrushColor 94949C
Polygon 346,269, 346,265, 344,265, 344,269
Polygon 613,17, 618,18, 618,16, 613,15
PenColor FF0000
BrushColor FF0000
Polygon 346,273, 346,269, 344,269, 344,273
Polygon 608,16, 613,17, 613,15, 608,14



; турникеты
PenColor 000000
BrushColor -1
Polygon 580,34, 585,35, 584,41, 579,40
PenColor 009900
Stairs 576,38, 577,35, 560,35
PenColor FF0000
Stairs 652,48, 651,52, 633,44


===================================
; Люблинская линия

;Здания беж
PenColor DFDFDF
BrushColor FEFBF1
Polygon 591,877, 590,1023, 444,1023, 445,877
Polygon 681,291, 681,101, 785,101, 785,291

; пути
PenColor 000000
BrushColor 84BC54
Polygon 256,369, 226,369, 226,819, 256,819
Polygon 336,369, 366,369, 366,819, 336,819

BrushColor -1
PenColor 84BC54
AngleTextOut -450, Arial, 25, 309, 515, Марьина Роща, 1
AngleTextOut -450, Arial, 20, 388, 370, << Бутырская
AngleTextOut -450, Arial, 20, 226, 684, Достоевская >>

;инфосос
PenColor 94949C
BrushColor 94949C
Polygon 305,593, 309,593, 309,594, 305,594
PenColor FF0000
BrushColor FF0000
Polygon 301,593, 305,593, 305,594, 301,594


; северный вестибюль

PenColor 000000
Line 256,369, 269,369, 269,419, 277,419, 277,369, 279,369, 279,361, 277,361, 277,351
Line 336,369, 324,369, 324,419, 315,419, 315,369, 313,369, 313,361, 315,361, 315,356
Line 346,179, 352,180, 355,163, 358,161, 380,165, 391,103, 458,115, 458,183, 454,183, 454,133
Line 487,189, 487,96, 396,80, 397,74, 296,56, 280,147, 303,151, 305,154, 302,171, 308,172
Line 443,133, 443,194, 469,194, 469,117
Line 428,104, 456,109
Line 385,102, 381,125
Line 297,86, 293,109
Stairs 469,186, 487,186, 469,149
Stairs 444,89, 441,106, 456,91
Stairs 296,93, 324,98, 297,86
Stairs 384,108, 356,103, 385,102

Line 454,133, 454,123, 434,123, 0.5
Line 443,133, 434,133, 0.5

BrushColor D0D0D0
Polygon 356,97, 358,100, 356,111, 353,113, 347,112, 348,109, 331,106, 331,109, 325,108, 323,105, 325,94, 328,92

;инфосос
PenColor 34349C
BrushColor 34349C
Polygon 339,110, 343,111, 343,112, 339,111
PenColor FF0000
BrushColor FF0000
Polygon 335,109, 339,110, 339,111, 335,110

; кассы
PenColor FFFFFF
BrushColor FFFFFF
Polygon 331,93, 330,99, 353,103, 354,97
PenColor 000000
Line 354,97, 353,103, 330,99, 331,93
Line 328,92, 356,97
BrushColor -1
AngleTextOut -370, Arial, 8, 333, 91, кассы

; турникеты
Polygon 333,125, 339,126, 338,132, 332,131
Line 351,132, 357,133, 0.5
PenColor 009900
Stairs 288,123, 289,118, 330,131
Stairs 342,133, 343,128, 350,134
PenColor FF0000
Stairs 357,135, 358,130, 384,140

; стрелки
PenColor FF0000
Arrow 307,409, 307,391
Arrow 370,111, 372,99
PenColor 009900
Arrow 287,391, 287,409
Arrow 311,89, 309,101


; южный вестибюль

PenColor 000000
Line 256,819, 266,819, 266,755, 275,755, 275,806, 278,806
Line 336,819, 327,819, 327,755, 319,755, 319,803, 315,803
Line 332,898, 369,891, 387,993, 391,992, 396,992, 396,950
Line 414,950, 414,1007, 406,1007
Line 403,1007, 390,1007, 281,1026, 279,1016, 222,1026, 209,1026, 209,1066, 265,1081, 362,1064
Line 322,1075, 362,1068
Line 408,1007, 408,1013, 401,1013
Line 366,1087, 263,1105, 151,1075, 109,1075
Line 109,1070, 151,1070
Line 109,1052, 151,1052, 151,1023, 131,1023, 131,956
Line 153,956, 153,1002, 218,1002, 274,992, 260,911, 295,905
Line 228,1005, 256,1000
Line 278,988, 274,965, 0.5
Line 378,969, 374,946, 0.5
Line 410,990, 410,950, 0.5
Stairs 153,958, 131,958, 153,996
Stairs 111,1052, 111,1070, 149,1052
Stairs 230,1005, 233,1024, 256,1000
Stairs 356,1069, 360,1088, 322,1075
Stairs 277,980, 310,974, 275,971
Stairs 377,962, 344,968, 375,952
Stairs 396,952, 410,952, 396,990

BrushColor D0D0D0
Polygon 342,957, 308,963, 311,978, 345,972

; эскалатор 4 гор
PenColor 7F7F7F
Stairs 313,801, 281,806, 334,921
PenColor 000000
BrushColor 9B5509
Polygon 315,795, 338,925, 335,925, 312,795
Polygon 307,796, 330,926, 326,926, 303,796
Polygon 298,798, 321,928, 317,928, 294,798
Polygon 289,799, 312,929, 308,929, 285,799
Polygon 280,800, 303,930, 300,930, 277,800

; кассы
BrushColor -1
Line 345,972, 346,979, 312,985, 311,978
AngleTextOut -350, Arial, 10, 315, 974, кассы

; турникеты
Polygon 337,941, 331,942, 332,948, 338,947
PenColor 009900
Stairs 327,948, 326,943, 270,958
PenColor FF0000
Stairs 342,940, 343,945, 376,934

; стрелки
PenColor FF0000
Arrow 307,759, 307,777
Arrow 360,972, 363,988
PenColor 009900
Arrow 287,777, 287,759
Arrow 299,999, 296,983

;инфосос
PenColor 34349C
BrushColor 34349C
Polygon 325,957, 329,956, 329,957, 325,958
PenColor FF0000
BrushColor FF0000
Polygon 321,958, 325,957, 325,958, 321,959

;лифты
PenColor 000000
BrushColor D0EFFF
Polygon 401,1007, 401,1013, 395,1013, 395,1007
BrushColor -1
AngleTextOut -360, Arial, 2, 396, 1009, лифт

PenColor 000000
BrushColor D0EFFF
Polygon 153,996, 153,1002, 147,1002, 147,996
BrushColor -1
AngleTextOut -360, Arial, 2, 148, 998, лифт

PenColor 000000
BrushColor D0EFFF
Polygon 324,1088, 325,1094, 319,1095, 318,1089
BrushColor -1
AngleTextOut -350, Arial, 2, 319, 1090, лифт

=====================================
Opaque 80
PenColor FFFFFF
BrushColor FFFFFF
Polygon 587,50, 627,57, 624,75, 617,74, 616,81, 588,76, 589,69, 584,68
Polygon 304,197, 343,197, 318,337, 280,337
Polygon 225,556, 257,556, 257,574, 225,574
Polygon 225,592, 257,592, 257,609, 225,609
Polygon 225,627, 257,627, 257,645, 225,645
Opaque 100

=====================================
; переход
PenColor 000000
Line 84,460, 87,460, 87,556, 262,556
Line 262,574, 87,574, 87,592, 262,592
Line 262,609, 87,609, 87,627, 262,627
Line 262,645, 43,645, 43,460, 46,460
Line 100,228, 100,246
Line 100,289, 100,306
Line 172,246, 25,246, 25,289, 33,289
Line 172,289, 95,289
Line 46,386, 42,386, 33,360, 33,287
Line 51,287, 51,328, 55,328, 55,287
Line 73,287, 73,328, 77,328, 77,287
Line 95,287, 95,359, 88,385, 84,385
Line 136,250, 172,250, 0.5
Line 136,269, 172,269, 0.5
Line 68,287, 68,327, 0.5
Line 222,596, 262,596, 0.5
Stairs 170,289, 170,250, 135,289
Stairs 33,290, 51,290, 33,328
Stairs 68,290, 55,290, 68,328
Stairs 95,290, 77,290, 95,328
Stairs 260,556, 260,574, 223,556
Stairs 260,609, 260,596, 223,609
Stairs 260,645, 260,627, 221,645

Line 592,28, 588,27, 584,49, 630,57, 634,34, 630,33
Line 630,59, 627,75, 0.5
Line 575,67, 632,77
Line 565,65, 554,63, 564,5, 660,22, 650,80, 643,79

; эскалатор 4 гор
PenColor 7F7F7F
Stairs 49,462, 81,462, 50,381
PenColor 000000
BrushColor 9B5509
Polygon 46,469, 46,377, 49,377, 49,469
Polygon 53,468, 53,377, 57,377, 57,468
Polygon 63,468, 63,377, 67,377, 67,468
Polygon 72,468, 72,377, 76,377, 76,468
Polygon 81,468, 81,377, 84,377, 84,468

; эскалатор 4 гор
PenColor 7F7F7F
Stairs 313,350, 281,345, 344,172
PenColor 000000
BrushColor 9B5509
Polygon 315,356, 348,168, 345,168, 312,356
Polygon 307,355, 340,167, 336,167, 303,355
Polygon 298,353, 331,165, 327,165, 294,353
Polygon 289,352, 322,164, 318,164, 285,352
Polygon 280,351, 313,163, 310,163, 277,351

; кассы
PenColor 000000
BrushColor -1
Line 617,75, 616,81, 588,76, 589,70
AngleTextOut -10, Arial, 10, 591, 66, кассы

;инфососы
PenColor 94949C
BrushColor 94949C
Polygon 48,600, 48,596, 46,596, 46,600
PenColor FF0000
BrushColor FF0000
Polygon 48,604, 48,600, 46,600, 46,604

====================================

; Названия улиц голубым
PenColor 00AFAF
BrushColor -1
AngleTextOut -90, Arial, 15, 215, 338, Шереметьевская улица
AngleTextOut 0, Arial, 15, 309, 26, 4-й проезд Марьиной рощи
AngleTextOut 0, Arial, 15, 417, 410, 3-й проезд Марьиной рощи
AngleTextOut 0, Arial, 15, 410, 829, 1-й проезд Марьиной рощи
AngleTextOut 0, Arial, 15, 237, 1115, Сущёвский вал
AngleTextOut -90, Arial, 15, 820, 6, << к МЦД2 и МЦД4
PenColor 000000
AngleTextOut 0, Arial, 15, 713, 161, Театр
AngleTextOut 0, Arial, 15, 697, 182, '"Сатирикон"'
AngleTextOut 0, Arial, 15, 480, 940, Планета КВН


; Выходы
;Angle 90
PenColor FFD900
BrushColor 615F56
SpotRect 491, 157, 30, 30, ShowMessage Выход №1
SpotRect 419, 956, 30, 30
SpotRect 161, 950, 30, 30
SpotRect 97, 1020, 30, 30
SpotRect 338, 1099, 30, 30
SpotRect 653, 65, 30, 30
BrushColor -1
TextOut Arial, 25, 499, 158, 1
TextOut Arial, 25, 427, 957, 2
TextOut Arial, 25, 169, 951, 3
TextOut Arial, 25, 105, 1021, 4
TextOut Arial, 25, 346, 1100, 5
TextOut Arial, 25, 661, 66, 6
