Size 1080x880


Angle 45

; ====================================================

; Солнцевская линия

; пути
PenColor 000000
BrushColor FCDC04
Polygon 199,72, 199,42, 648,42, 648,72
Polygon 199,180, 199,150, 648,150, 648,180

=================================================

PenColor 000000
Line 199,72, 199,88, 215,88, 215,132, 199,132, 199,150


; восточный выход

PenColor 000000
Line 559,205, 559,208, 724,208, 724,15, 559,15, 559,18
Line 678,125, 691,125, 691,190, 559,190, 559,193
Line 559,30, 559,33, 691,33, 691,101, 678,101
Line 640,101, 640,95, 648,95, 648,72
Line 640,125, 640,137, 648,137, 648,150
PenColor D0D0D0
Line 685,81, 691,81, 691,95, 685,95
Line 670,81, 648,81, 648,95, 670,95

; эскалатор 3 гор
PenColor 7F7F7F
Stairs 671,122, 671,104, 645,122
PenColor 000000
BrushColor 9B5509
Polygon 678,101, 678,104, 640,104, 640,101
Polygon 678,108, 678,111, 640,111, 640,108
Polygon 678,115, 678,118, 640,118, 640,115
Polygon 678,122, 640,122, 640,125, 678,125


;инфососы
PenColor 94949C
BrushColor 94949C
Polygon 555,110, 555,106, 553,106, 553,110
Polygon 218,109, 218,105, 220,105, 220,109
Polygon 721,115, 721,111, 719,111, 719,115
PenColor FF0000
BrushColor FF0000
Polygon 555,114, 555,110, 553,110, 553,114
Polygon 218,113, 218,109, 220,109, 220,113
Polygon 721,111, 721,107, 719,107, 719,111

; кассы
PenColor 000000
BrushColor -1
Line 604,190, 604,182, 576,182, 576,190
AngleTextOut 0, Arial, 10, 578, 179, кассы

; турникеты
PenColor 009900
Stairs 611,205, 615,205, 611,192
PenColor FF0000
Stairs 659,18, 663,18, 659,31

;лифт
PenColor 000000
BrushColor D0EFFF
Polygon 670,95, 670,81, 685,81, 685,95
BrushColor -1
AngleTextOut 0, Arial, 6, 671, 84, лифт



;стрелки
PenColor FF0000
Arrow 618,108, 631,108
PenColor 009900
Arrow 631,118, 617,118


=================================================

; БКЛ

; пути
PenColor 000000
BrushColor 30D5C8
Polygon 523,816, 493,816, 493,367, 523,367
Polygon 631,816, 601,816, 601,367, 631,367

;инфосос
PenColor 94949C
BrushColor 94949C
Polygon 561,578, 556,578, 556,576, 561,576
PenColor FF0000
BrushColor FF0000
Polygon 566,578, 561,578, 561,576, 566,576

; южный вестибюль
PenColor 000000
Line 601,816, 590,816, 590,720, 580,720
Line 523,816, 536,816, 536,720, 540,720
Line 580,823, 603,823, 603,993, 697,993, 697,904
Line 715,904, 715,1011, 603,1011, 603,1016, 505,1016, 505,939, 564,939
Line 564,957, 523,957, 523,998, 584,998, 584,905, 521,905, 521,823, 540,823
Stairs 564,1012, 564,998, 526,1012
Stairs 715,907, 701,907, 715,945
Stairs 562,957, 562,943, 523,957
Stairs 509,996, 523,996, 509,958
Line 564,943, 524,943, 0.5
Line 701,945, 701,905, 0.5
Line 566,1012, 524,1012, 0.5
Line 509,998, 509,956, 0.5
BrushColor D0D0D0
Polygon 567,856, 572,856, 572,880, 547,880, 547,856, 552,856, 552,875, 567,875
PenColor D0D0D0
Line 570,971, 584,971, 584,985, 570,985
Line 567,856, 552,856, 552,849, 523,849, 523,816, 536,816, 536,836, 567,836, 567,856

; эскалатор 3 верт
PenColor 7F7F7F
Stairs 543,825, 577,825, 543,724
PenColor 000000
BrushColor 9B5509
Polygon 540,831, 540,720, 543,720, 543,831
Polygon 551,831, 551,720, 556,720, 556,831
Polygon 564,831, 564,720, 569,720, 569,831
Polygon 577,831, 577,720, 580,720, 580,831

;лифт
PenColor 000000
BrushColor D0EFFF
Polygon 555,985, 555,971, 570,971, 570,985
BrushColor -1
AngleTextOut 0, Arial, 6, 556, 975, лифт

;лифт
PenColor 000000
BrushColor D0EFFF
Polygon 552,875, 552,861, 567,861, 567,875
BrushColor -1
AngleTextOut 0, Arial, 6, 553, 865, лифт

; кассы
BrushColor -1
Line 527,905, 527,914, 556,914, 556,905
AngleTextOut 0, Arial, 10, 529, 902, кассы

;стрелки
PenColor FF0000
Arrow 586,854, 586,867
PenColor 009900
Arrow 537,890, 537,877

;турникеты
PenColor 000000
BrushColor -1
Line 578,884, 570,884, 570,880, 0.5
PenColor 009900
Stairs 543,864, 543,869, 524,864
PenColor FF0000
Stairs 600,881, 600,886, 578,881


=================================================

; переход

Opaque 80
PenColor FFFFFF
BrushColor FFFFFF
Polygon 373,149, 414,149, 414,181, 373,181
Opaque 100

PenColor 000000
Line 345,122, 345,141, 373,141, 373,370, 376,370
Line 474,410, 477,410, 477,314, 541,314, 541,333
Line 541,347, 541,356, 545,356
Line 445,122, 445,141, 414,141, 414,286, 662,286, 662,407, 659,407
Line 645,407, 642,407, 642,331, 583,331, 583,348
Line 394,124, 394,292, 0.5
Line 345,95, 364,95, 379,110, 412,110, 427,95, 445,95
Line 601,367, 591,367, 591,402, 583,402
Line 538,367, 538,402, 545,402
Line 394,96, 381,96, 381,110
BrushColor D0D0D0
Polygon 393,313, 456,313, 456,411, 393,411
PenColor D0D0D0
Line 523,331, 523,367, 538,367, 538,331
Line 381,110, 394,110
PenColor E0E0E0
Line 523,347, 541,347, 541,333, 538,333

; кассы
PenColor 000000
BrushColor FFFFFF
Polygon 449,360, 456,360, 456,387, 449,387
BrushColor -1
AngleTextOut -90, Arial, 10, 460, 362, кассы

; эскалатор 3 гор
PenColor 7F7F7F
Stairs 452,98, 452,119, 493,98
PenColor 000000
BrushColor 9B5509
Polygon 445,119, 498,119, 498,122, 445,122
Polygon 445,114, 445,111, 498,111, 498,114
Polygon 445,106, 445,103, 498,103, 498,106
Polygon 445,98, 498,98, 498,95, 445,95

; эскалатор 3 гор
PenColor 7F7F7F
Stairs 299,98, 299,119, 340,98
PenColor 000000
BrushColor 9B5509
Polygon 292,119, 345,119, 345,122, 292,122
Polygon 292,114, 292,111, 345,111, 345,114
Polygon 292,106, 292,103, 345,103, 345,106
Polygon 292,98, 345,98, 345,95, 292,95

; эскалатор 4 верт
PenColor 7F7F7F
Stairs 548,396, 580,396, 548,351
PenColor 000000
BrushColor 9B5509
Polygon 545,402, 545,348, 548,348, 548,402
Polygon 553,402, 553,348, 557,348, 557,402
Polygon 562,402, 562,348, 566,348, 566,402
Polygon 571,402, 571,348, 575,348, 575,402
Polygon 580,402, 580,348, 583,348, 583,402

; стрелки
PenColor FF0000
Arrow 269,110, 285,110
Arrow 385,345, 385,362
Arrow 652,336, 652,354
PenColor 009900
Arrow 504,112, 518,112
Arrow 465,361, 465,345

;турникеты
BrushColor -1
PenColor 009900
Stairs 458,320, 458,316, 476,320
PenColor FF0000
Stairs 391,320, 391,316, 374,320
Stairs 658,371, 658,367, 644,371

;лифт
PenColor 000000
BrushColor D0EFFF
Polygon 394,110, 394,96, 409,96, 409,110
BrushColor -1
AngleTextOut 0, Arial, 6, 395, 99, лифт

;лифт
PenColor 000000
BrushColor D0EFFF
Polygon 523,331, 523,317, 538,317, 538,331
BrushColor -1
AngleTextOut 0, Arial, 6, 524, 321, лифт

;инфосос
PenColor 94949C
BrushColor 94949C
Polygon 534,311, 539,311, 539,309, 534,309
PenColor FF0000
BrushColor FF0000
Polygon 529,311, 534,311, 534,309, 529,309

;; Названия улиц голубым
PenColor 00AFAF
BrushColor -1
AngleTextOut 0, Arial, 15, 686, 228, Мичуринский проспект
AngleTextOut -90, Arial, 15, 668, 843, улица Удальцова

===========================================
; надписи

; Солнцевская линия

BrushColor -1
PenColor 000000
AngleTextOut 0, Arial, 20, 203, 19, << Озёрная
AngleTextOut 0, Arial, 20, 446, 180, Раменки >>
AngleTextOut 0, Arial, 25, 302, 67, Мичуринский проспект, 1
PenColor FCDC04
AngleTextOut 0, Arial, 20, 202, 18, << Озёрная
AngleTextOut 0, Arial, 20, 445, 179, Раменки >>
AngleTextOut 0, Arial, 25, 301, 66, Мичуринский проспект, 1

; БКЛ

BrushColor -1
PenColor 000000
AngleTextOut -90, Arial, 25, 572, 424, Мичуринский проспект (БКЛ), 1
PenColor 30D5C8
AngleTextOut -90, Arial, 20, 489, 589, Проспект Вернадского >>
AngleTextOut -90, Arial, 20, 655, 424, << Аминьевская
AngleTextOut -90, Arial, 25, 573, 423, Мичуринский проспект (БКЛ), 1


===========================================

Angle -45

;; Выходы
PenColor FFD900
BrushColor 615F56
SpotRect 221, 87, 30, 30, ShowMessage Выход №1
SpotRect 363, 516, 30, 30
SpotRect 605, 321, 30, 30
SpotRect 468, 472, 30, 30
SpotRect 1007, 623, 30, 30
SpotRect 849, 831, 30, 30
BrushColor -1
TextOut Arial, 25, 229, 88, 1
TextOut Arial, 25, 372, 518, 2
TextOut Arial, 25, 613, 322, 3
TextOut Arial, 25, 476, 473, 3
TextOut Arial, 25, 1015, 624, 4
TextOut Arial, 25, 857, 832, 5
