Size 1190x900

;=================================
; метро

; пути

PenColor 000000
BrushColor 2C7CAC
;Polygon 349,44, 349,74, 799,74, 799,44
;Polygon 349,212, 349,182, 799,182, 799,212
Polygon 716,306, 716,276, 1166,276, 1166,306
Polygon 716,416, 716,386, 1166,386, 1166,416

PenColor 000000

PenColor 2C7CAC
BrushColor -1
AngleTextOut 0, Arial, 20, 660, 393, тупик
AngleTextOut 0, Arial, 20, 660, 283, тупик
AngleTextOut 0, Arial, 20, 855, 252, Деловой центр >>
AngleTextOut 0, Arial, 20, 854, 419, Деловой центр >>
AngleTextOut 0, Arial, 25, 790, 331, Москва-Сити, 1

; оборотные стрелки

PenColor FFFFFF
Line 859,282, 825,282
Spline 825,282, 819,286, 819,294, 825,298
Arrow 825,298, 859,298

Line 859,393, 825,393
Spline 825,393, 819,397, 819,405, 825,409
Arrow 825,409, 859,409

; левый вестибюль

PenColor 000000
Line 684,331, 684,324, 775,324, 775,315, 716,315, 716,309
Line 684,361, 684,368, 775,368, 775,377, 716,377, 715,386

Opaque 85
PenColor FEFBF1
BrushColor FEFBF1
Polygon 589,429, 570,429, 570,299, 402,299, 402,558, 589,558, 589,510, 490,506, 488,472, 589,469
Opaque 100

; эскалатор 3 гор
PenColor 7F7F7F
Stairs 686,359, 686,333, 539,359
PenColor 000000
BrushColor 9B5509
Polygon 693,333, 534,333, 534,331, 693,331
Polygon 693,339, 693,343, 534,343, 534,339
Polygon 693,349, 693,353, 534,353, 534,349
Polygon 693,359, 534,359, 534,361, 693,361

; эскалатор 3 гор         
PenColor 7F7F7F
Stairs 534,506, 534,472, 487,506
PenColor 000000
BrushColor 9B5509
Polygon 541,472, 482,472, 482,469, 541,469
Polygon 541,480, 541,485, 482,485, 482,480
Polygon 541,493, 541,498, 482,498, 482,493
Polygon 541,506, 482,506, 482,509, 541,509

PenColor FF0000
Arrow 580,536, 602,536
Arrow 722,336, 704,336
Arrow 449,336, 433,336, 433,351
PenColor 009900
Arrow 598,446, 576,446
Arrow 704,356, 723,356
Arrow 530,400, 518,385

Opaque 80
PenColor FFFFFF
BrushColor FFFFFF
Polygon 726,237, 727,510, 760,509, 761,235
Opaque 100

PenColor 000000
Line 541,469, 726,469, 726,237, 737,237, 737,194
Line 541,509, 737,509, 737,558
Line 761,194, 761,558

; эскалатор 2 верт
PenColor 7F7F7F
Stairs 759,520, 740,520, 758,553
PenColor 000000
BrushColor 9B5509
Polygon 740,513, 740,558, 737,558, 737,513
Polygon 747,513, 751,513, 751,558, 747,558
Polygon 758,513, 758,558, 761,558, 761,513

; эскалатор 2 верт
PenColor 7F7F7F
Stairs 759,201, 740,200, 758,231
PenColor 000000
BrushColor 9B5509
Polygon 740,194, 740,235, 737,235, 737,194
Polygon 747,194, 751,194, 751,235, 747,235
Polygon 758,194, 758,235, 761,235, 761,194

Opaque 85
PenColor FEFBF1
BrushColor FEFBF1
Polygon 511,468, 516,472, 519,484, 519,494, 516,506, 511,510, 589,510, 589,469
Opaque 100

PenColor 000000
Spline 511,468, 517,476, 519,489, 517,502, 511,510

BrushColor D0D0D0
PenColor D0D0D0
Polygon 570,429, 553,429, 553,366, 562,366, 562,357, 556,352, 554,346, 556,340, 562,335, 562,326, 408,326, 408,429, 402,429, 402,299, 570,299, 570,312, 573,319, 580,331, 583,346, 580,361, 573,374, 570,381
Polygon 452,440, 448,432, 447,423, 448,416, 452,407, 457,400, 464,395, 471,392, 479,391, 487,392, 495,395, 502,400, 507,407, 510,413, 512,423, 510,434, 507,440, 500,432, 490,426, 479,423, 469,425, 460,431
PenColor 000000
Polygon 565,464, 589,464, 589,515, 565,515

PenColor 000000
Line 589,458, 589,520
Line 589,435, 589,429, 570,429, 570,381
Spline 570,381, 576,369, 582,354, 582,338, 576,323, 570,312
Line 570,312, 570,299, 402,299, 402,429, 408,429, 408,326, 562,326, 562,335
Spline 562,335, 555,341, 555,351, 562,357
Line 562,357, 562,366, 553,366, 553,429, 570,429
Line 589,552, 589,558, 530,558, 530,576, 582,576, 582,583
Line 582,618, 582,625, 530,625, 530,662, 584,662
Line 584,700, 439,700
Line 439,663, 475,663, 475,625, 281,625, 281,747, 239,747, 239,625, 169,625, 169,618
Line 169,582, 169,575, 475,575, 475,558, 402,558, 402,530, 188,530, 188,554, 64,554, 64,530, 54,530
Line 188,377, 188,506, 402,506, 402,429
Line 64,377, 64,506, 54,506

; кассы
PenColor 000000
BrushColor -1
Ellipse 447,391, 513,457
Spline 452,440, 479,424, 507,440
AngleTextOut 0, Arial, 10, 468, 436, кассы

; турникеты
BrushColor -1
Line 550,366, 497,366, 0.5
Line 447,363, 447,409, 0.5
PenColor 009900
Stairs 495,367, 495,363, 451,367
PenColor FF0000
Stairs 444,367, 444,363, 411,367

; лифты
PenColor 000000
BrushColor D0EFFF
Polygon 746,255, 762,255, 762,271, 746,271
BrushColor -1
AngleTextOut 0, Arial, 6, 748, 260, лифт



; правый вестибюль

PenColor 000000

Line 1166,306, 1166,315, 1003,315
Line 1003,377, 1166,377, 1166,386

Opaque 80
PenColor FFFFFF
BrushColor FFFFFF
Polygon 1105,368, 1105,429, 1084,429, 1084,368
Polygon 1075,368, 1075,429, 1055,429, 1055,368
Opaque 100

PenColor 000000

Line 1003,317, 1003,324, 1111,324, 1111,368, 1105,368, 1105,429, 1124,429, 1124,504, 1102,504, 1102,522, 1095,522, 1095,597, 1104,597, 1104,607, 1120,607
Line 1030,607, 1046,607, 1046,597, 1055,597, 1055,522, 1048,522, 1048,504, 1037,504, 1037,429, 1055,429, 1055,368, 1003,368, 1003,377
Line 1075,368, 1084,368, 1084,429, 1075,429, 1075,368
Line 1100,369, 1100,409, 0.5
Line 1009,328, 1049,328, 0.5
Stairs 1011,328, 1011,368, 1049,328
Stairs 1055,371, 1075,371, 1055,410
Stairs 1084,371, 1100,371, 1084,410
Line 1095,504, 1102,504
Line 1048,504, 1054,504

; эскалатор 3 верт
PenColor 7F7F7F
Stairs 1058,585, 1092,585, 1058,534
PenColor 000000
BrushColor 9B5509
Polygon 1055,589, 1055,530, 1058,530, 1058,589
Polygon 1066,589, 1066,530, 1071,530, 1071,589
Polygon 1079,589, 1079,530, 1084,530, 1084,589
Polygon 1092,589, 1092,530, 1095,530, 1095,589

; турникеты
BrushColor -1
Polygon 1078,462, 1084,462, 1084,468, 1078,468
PenColor 009900
Stairs 1074,467, 1074,463, 1036,467
PenColor FF0000
Stairs 1124,467, 1124,463, 1087,467

PenColor FF0000
Arrow 1100,436, 1100,451
PenColor 009900
Arrow 1063,492, 1063,478

; кассы
PenColor 000000
BrushColor FFFFFF
Polygon 1037,502, 1027,502, 1027,472, 1037,472
BrushColor -1
AngleTextOut 90, Arial, 10, 1025, 500, кассы

; улицы и объекты

PenColor 040464
BrushColor -1
SpotRect 728, 589, 270, 15, LoadVec Testovskaya.vec
TextOut Arial, 12, 728, 589, 'Схема ж/д платформы "Тестовская (Москва-Сити)"', 5
BrushColor -1
SpotRect 729, 618, 180, 15, LoadVec Test.vec
TextOut Arial, 12, 729, 618, Схема перехода к ж/д платформе, 5

PenColor 00AFAF
BrushColor -1
AngleTextOut 90, Arial, 15, 361, 370, 3 транспортное кольцо
AngleTextOut 90, Arial, 15, 743, 184, 'МЦД-1 "Тестовская <Москва-Сити>" >>'
AngleTextOut 0, Arial, 15, 1033, 625, Комплекс IQ-квартал

PenColor 000000

=================================

; МЦД-4

; пути
PenColor 3FB585
Line 115,321, 115,-329, 20
Line 136,321, 136,-329, 20
PenColor 2F7555
Railway 10, 14, 4, 141,-337, 141,322
Railway 10, 14, 4, 120,-337, 120,324

BrushColor -1
PenColor 000000
Polygon 151,-339, 151,331, 188,331, 188,-339
Polygon 64,-338, 64,331, 101,331, 101,-338

PenColor 000000
AngleTextOut -90, Arial, 25, 138, 55, Москва-Сити (МЦД-4), 1
PenColor FFFFFF
AngleTextOut -90, Arial, 25, 140, 53, Москва-Сити (МЦД-4), 1
PenColor 3FB585
AngleTextOut -90, Arial, 20, 174, 1, << Москва Белорусская
AngleTextOut -90, Arial, 20, 104, 187, Кутузовская >>

; эскалатор 2 верт
PenColor 7F7F7F
Stairs 76,392, 89,392, 76,357
PenColor 000000
BrushColor 9B5509
Polygon 76,353, 76,397, 73,397, 73,353
Polygon 81,353, 84,353, 84,397, 81,397
Polygon 89,353, 89,397, 92,397, 92,353

; эскалатор 2 верт
PenColor 7F7F7F
Stairs 163,391, 176,391, 163,356
PenColor 000000
BrushColor 9B5509
Polygon 163,352, 163,396, 160,396, 160,352
Polygon 168,352, 171,352, 171,396, 168,396
Polygon 176,352, 176,396, 179,396, 179,352

; турникеты
Stairs 168,420, 168,416, 86,420

Line 189,-350, 189,-458, 82,-458, 82,-514
Line 64,-355, 64,-514
Line 64,-514, 22,-514, 22,-438
Line 4,-438, 4,-514, -43,-514, -43,-578
Line -25,-578, -25,-532, 370,-532
Line 82,-514, 351,-514
=================================

; МЦД-1

Line 370,-532, 469,-631, 499,-601, 1013,-1110
Line 1025,-1096, 456,-532, 501,-487, 555,-541
Line 568,-528, 514,-474, 589,-399, 637,-447
Line 650,-434, 602,-386, 643,-345, 691,-393
Line 704,-380, 656,-332, 745,-243, 806,-304
Line 819,-291, 713,-185
Line 700,-198, 732,-230, 589,-373, 543,-327, 409,-461, 359,-412, 304,-467, 351,-514

Line 871,-1124, 901,-1154, 1183,-872, 1148,-837
Line 1161,-824, 1247,-910
Line 1234,-923, 1196,-885, 914,-1167, 943,-1196
Line 930,-1209, 901,-1180, 868,-1213, 855,-1200, 888,-1167, 858,-1137

PenColor F38F00
Line 1148,-996, 688,-536, 20
Line 1093,-1051, 633,-591, 20

PenColor D0D0D0
Railway 10, 14, 4, 586,-551, 624,-589
Railway 10, 14, 4, 641,-495, 679,-534
Railway 10, 14, 4, 1095,-1060, 1133,-1098
Railway 10, 14, 4, 1150,-1004, 1189,-1043
PenColor D81852
Railway 10, 14, 4, 624,-589, 1095,-1060
Railway 10, 14, 4, 679,-534, 1150,-1004

PenColor F38F00
BrushColor -1
AngleTextOut 45, Arial, 25, 726, -657, Тестовская <Москва-Сити> (МЦД-1), 1
AngleTextOut 45, Arial, 20, 635, -584, << Марьина роща
AngleTextOut 45, Arial, 20, 960, -856, Площадь трёх вокзалов >>



=================================

; МЦК

;Пути
PenColor DE7272
Line 219,511, 219,866, 20
Line 301,406, 301,761, 20
PenColor D56060
Dashed 219,511, 219,866, 13
Dashed 301,406, 301,761, 13
PenColor 000000
Line 291,876, 229,876, 229,396, 291,396, 291,876
Stairs 269,418, 251,418, 269,454
Line 251,416, 251,440, 269,440, 269,416
Line 251,440, 251,456
Line 269,440, 269,456

BrushColor -1
PenColor DE7272
AngleTextOut -90, Arial, 25, 276, 408, Москва-Сити (МЦК), 1
AngleTextOut -90, Arial, 20, 205, 688, Кутузовская >>
AngleTextOut -90, Arial, 20, 333, 397, << Шелепиха

; эскалатор 1 верт
PenColor 7F7F7F
Stairs 257,692, 262,692, 257,675
PenColor 000000
BrushColor 9B5509
Polygon 257,671, 257,697, 254,697, 254,671
Polygon 262,671, 262,697, 265,697, 265,671

; эскалатор 2 верт
PenColor 7F7F7F
Stairs 253,731, 266,731, 253,709
PenColor 000000
BrushColor 9B5509
Polygon 253,705, 253,736, 250,736, 250,705
Polygon 258,705, 261,705, 261,736, 258,736
Polygon 266,705, 266,736, 269,736, 269,705

;туалет
PenColor 000000
BrushColor 99FF99
Polygon 256,753, 256,747, 262,747, 262,753
BrushColor -1
AngleTextOut -90, Arial, 6, 262, 748, Т

; кассы
PenColor 000000
BrushColor -1
Line 202,575, 202,567, 174,567, 174,575
AngleTextOut 0, Arial, 10, 176, 564, кассы

;лифт
PenColor 000000
BrushColor D0EFFF
Polygon 253,659, 253,644, 268,644, 268,659
BrushColor -1
AngleTextOut 0, Arial, 6, 254, 648, лифт

; турникеты
PenColor 009900
Stairs 251,659, 251,655, 242,659
PenColor FF0000
Stairs 278,655, 278,659, 269,655

;стрелки
PenColor FF0000
Arrow 260,745, 260,739
PenColor 009900
Arrow 259,662, 259,668


=================================


; Выходы
PenColor FFD900
BrushColor 615F56
SpotRect 621, 434, 30, 30
SpotRect 693, 189, 30, 30
SpotRect 702, 542, 30, 30
SpotRect 590, 587, 30, 30
SpotRect 125, 596, 30, 30
SpotRect 15, 504, 30, 30
SpotRect 1130, 577, 30, 30, ShowMessage Выход №4
BrushColor -1
TextOut Arial, 25, 629, 435, 4
TextOut Arial, 25, 701, 190, 2
TextOut Arial, 25, 710, 543, 3
TextOut Arial, 25, 598, 588, 5
TextOut Arial, 25, 133, 597, 6
TextOut Arial, 25, 23, 505, 7
TextOut Arial, 25, 1138, 578, 1
