Size 430x1060
Angle 90

; пути

BrushColor 34349C
Polygon 103,397, 103,367, 553,367, 553,397
Polygon 103,430, 103,400, 553,400, 553,430

PenColor 34349C
BrushColor -1
AngleTextOut 0, Arial, 20, 145, 344, << Строгино
AngleTextOut 0, Arial, 20, 386, 430, Волоколамская >>
PenColor 000000
AngleTextOut 0, Arial, 25, 195, 369, Мякинино, 1
PenColor FFFFFF
AngleTextOut 0, Arial, 25, 194, 368, Мякинино, 1


PenColor 000000
Line -64,330, 618,330, 618,467, 337,467, 325,535
Line 307,535, 319,467, -64,467
Line 103,397, 103,400
Line 553,397, 553,400

; переход в середине

Opaque 85
PenColor FFFFFF
BrushColor FFFFFF
Polygon 318,363, 321,381, 322,399, 321,417, 318,434, 341,434, 338,417, 337,399, 338,381, 341,363
Opaque 100

Line 269,343, 305,343
Line 389,343, 354,343
Line 390,454, 354,454
Line 269,454, 305,454
Spline 305,343, 317,361, 321,399, 317,436, 305,454
Spline 354,343, 342,361, 338,399, 342,436, 354,454

Line 354,463, 390,463, 0.5
Line 305,463, 269,463, 0.5
Line 353,334, 389,334, 0.5
Line 305,334, 269,334, 0.5
Line 553,463, 589,463, 0.5
Line 553,334, 589,334, 0.5
Line 134,453, 98,453, 0.5
Line 134,344, 98,344, 0.5
Stairs 387,334, 387,343, 353,334
Stairs 271,334, 271,343, 305,334
Stairs 388,463, 388,454, 354,463
Stairs 271,463, 271,454, 305,463

; старый инфосос
PenColor 34349C
BrushColor 34349C
Polygon 452,463, 448,463, 448,464, 452,464
PenColor FF0000
BrushColor FF0000
Polygon 456,463, 452,463, 452,464, 456,464

; старый инфосос
PenColor 34349C
BrushColor 34349C
Polygon 197,333, 193,333, 193,334, 197,334
PenColor FF0000
BrushColor FF0000
Polygon 201,333, 197,333, 197,334, 201,334



;северный вестибюль

Opaque 80
PenColor FFFFFF
Polygon 502,432, 535,432, 535,468, 553,468, 553,431, 554,431, 554,366, 553,366, 550,366, 546,366, 542,366, 502,365, 494,377, 489,388, 487,401, 490,413, 495,423
Opaque 100

;кассы
Line 502,432, 535,432, 535,467, 473,574, 459,654, 572,674
Spline 502,432, 487,399, 502,365
Spline 536,365, 550,399, 535,432
AngleTextOut -90, Arial, 10, 547, 386, кассы

;вестибюль
Line 730,495, 730,450, 709,450
Line 690,444, 690,472, 581,472, 545,485, 553,471, 553,449, 589,449
Line 712,495, 712,468, 709,468
Line 689,468, 629,468, 629,426, 708,426, 708,490, 583,490, 531,510, 491,579, 481,635, 576,652
Stairs 587,449, 587,463, 553,449
Line 502,365, 536,365, 536,348, 589,348
Stairs 587,348, 587,334, 553,348
Stairs 688,468, 688,450, 650,468
Stairs 685,426, 685,444, 647,426
Stairs 535,461, 553,461, 535,451

BrushColor D0D0D0
Polygon 647,444, 690,444, 690,450, 647,450


;турникеты
PenColor FF0000
Stairs 584,444, 589,444, 584,426
Stairs 584,352, 589,352, 584,370
PenColor 009900
Stairs 600,420, 595,420, 600,383
PenColor 000000
BrushColor -1
Ellipse 594,373, 602,381
Line 600,424, 580,424, 0.5
Line 580,372, 598,372, 0.5

;стрелки
PenColor FF0000
Arrow 592,454, 600,454, 600,438, 592,438
Arrow 592,343, 600,343, 600,358, 592,358
PenColor 009900
Arrow 612,350, 612,337, 598,337
Arrow 612,447, 612,460, 598,460

;южный вестибюль

Opaque 80
PenColor FFFFFF
Polygon 103,365, 102,365, 102,432, 103,432, 112,419, 116,409, 118,396, 115,384, 110,374
Opaque 100

;полиция
Line 103,365, 70,365
Line 103,432, 70,432
Spline 70,365, 55,398, 70,432
Spline 103,365, 118,398, 103,432

Line 98,365, 98,348, 134,348
Stairs 132,344, 132,330, 98,344
Line 98,432, 98,449, 134,449
Stairs 132,453, 132,467, 98,453
Spline -64,330, -95,348, -108,386
Spline -64,467, -95,450, -108,410
Line -108,386, -176,386, -176,390
Line -176,406, -176,410, -180,410
Line -190,410, -194,410, -194,425
Line -238,406, -284,406, -284,394, -241,351
Line -251,341, -292,382
Line -301,388, -303,390, -303,435
Line -247,435, -291,435, -291,423
Line -284,424, -194,424, -194,447, -313,447
Line -313,465, -194,465, -194,501, -232,501, -232,539
Line -108,410, -176,410, -176,519, -214,519, -214,539
Line -265,394, -227,356, -193,356, -193,386, -176,386
Line -242,410, -280,410, 0.5
Line -300,423, -300,434, 0.5
Stairs -194,471, -176,471, -194,497
Stairs -196,501, -196,519, -214,501
Stairs -232,537, -214,537, -232,519
Stairs -280,410, -280,424, -242,410
Stairs -300,433, -291,433, -300,423

;кассы
BrushColor D0D0D0
Polygon -9,370, -15,365, -43,365, -55,377, -55,420, -43,432, -15,432, -9,427, -19,419, -34,419, -34,378, -19,378
Polygon -203,404, -203,392, -216,392, -216,404
Line -19,419, -19,378

;турникеты
PenColor FF0000
Stairs 24,463, 29,463, 24,437
Stairs 24,334, 29,334, 24,360
PenColor 009900
Stairs 29,367, 24,367, 29,393
Stairs 29,430, 24,430, 29,405
PenColor 000000
BrushColor -1
Polygon 30,395, 23,395, 23,402, 30,402
Line 27,430, 27,439, 0.5
Line 27,358, 27,367, 0.5

;стрелки
PenColor FF0000
Arrow 32,453, 17,453
Arrow 32,344, 17,344
PenColor 009900
Arrow 22,416, 36,416
Arrow 22,381, 36,381

;надписи
PenColor 000000
AngleTextOut -90, Arial, 10, -20, 385, кассы
AngleTextOut -90, Arial, 10, 74, 379, полиция

; Названия улиц голубым
PenColor 00AFAF
BrushColor -1
AngleTextOut 0, Arial, 15, -173, 474, Международная улица
AngleTextOut -10, Arial, 15, -185, 559, 'Выставочный комплекс "Крокус-сити"'
AngleTextOut -10, Arial, 15, -192, 709, МКАД
AngleTextOut -10, Arial, 15, 488, 641, '"Крокус-сити"'
AngleTextOut -10, Arial, 15, 493, 633, '"Вегас"'
AngleTextOut 0, Arial, 15, -302, 448, '<< "Крокус-сити"'

;инфосос
PenColor 34349C
BrushColor 34349C
Polygon -5,461, 0,461, 0,463, -5,463
PenColor FF0000
BrushColor FF0000
Polygon -10,461, -5,461, -5,463, -10,463

Opaque 70
; "закрыто"
PenColor FFD0D0
BrushColor FFD0D0
Polygon 316,464, 303,539, 327,539, 340,464
Polygon 456,514, 580,513, 580,679, 456,680
PenColor FF4040

Opaque 100
PenColor FF4040
BrushColor -1
AngleTextOut -100, Arial, 15, 337, 471, Строится
AngleTextOut -90, Arial, 15, 507, 569, Закрыто
Dashed 316,464, 303,539, 327,539, 340,464, 316,464
Dashed 456,514, 580,513, 580,679, 456,680, 456,514
BrushColor 000000


; Выходы
Angle -90
PenColor FFD900
BrushColor 615F56
SpotRect 196, 6, 30, 30, SВыход №1
SpotRect 36, 890, 30, 30
BrushColor -1
TextOut Arial, 25, 204, 7, 1
TextOut Arial, 25, 44, 891, 2
