Size 810x300

; затемнение платформ
PenColor EEEEEE
BrushColor EEEEEE
Polygon 672,136, 683,136, 683,123, 648,123, 648,118, 660,118, 660,76, 648,76, 648,68, 672,68, 672,58, 223,58, 223,70, 251,70, 251,77, 234,77, 234,117, 251,117, 251,124, 223,124, 223,136

; пути

PenColor 000000
BrushColor 30D5C8
Polygon 223,58, 223,28, 672,28, 672,58
Polygon 223,166, 223,136, 672,136, 672,166

PenColor 30D5C8
BrushColor -1
AngleTextOut 0, Arial, 20, 226, 4, << Мнёвники
AngleTextOut 0, Arial, 20, 500, 166, Хорошёвская >>
AngleTextOut 0, Arial, 25, 340, 74, Народное Ополчение, 1

;инфососы
PenColor 94949C
BrushColor 94949C
Polygon 450,103, 450,107, 448,107, 448,103
PenColor FF0000
BrushColor FF0000
Polygon 450,99, 450,103, 448,103, 448,99

; левый вестибюль

PenColor 000000
Line 166,77, 166,45, 58,45, 58,102, 16,102
Line 16,120, 76,120, 76,63, 84,63, 84,243, 122,243, 122,247, 82,247
Line 82,265, 137,265, 137,225, 102,225, 102,108, 106,108, 106,149, 166,149, 166,117
Line 223,136, 223,124, 251,124, 251,117, 234,117
Line 234,77, 251,77, 251,70, 223,70, 223,58
Line 57,116, 16,116, 0.5
Line 71,102, 71,63, 0.5
Line 122,251, 82,251, 0.5
Line 102,239, 122,239, 0.5
Line 89,225, 89,213, 0.5
Stairs 55,102, 55,116, 18,102
Stairs 71,65, 58,65, 71,102
Stairs 120,251, 120,265, 82,251
Stairs 120,225, 120,239, 102,225
Stairs 89,215, 102,215, 89,225

BrushColor D0D0D0
Polygon 102,62, 106,62, 106,85, 102,85
lPolygon 242,140, 242,158, 246,158, 246,140

; эскалатор 3 гор
PenColor 7F7F7F
Stairs 164,80, 164,114, 229,80
PenColor 000000
BrushColor 9B5509
Polygon 158,114, 234,114, 234,117, 158,117
Polygon 158,106, 158,101, 234,101, 234,106
Polygon 158,93, 158,88, 234,88, 234,93
Polygon 158,80, 234,80, 234,77, 158,77


; кассы
BrushColor FFFFFF
Polygon 174,120, 166,120, 166,147, 174,147
BrushColor -1
AngleTextOut 90, Arial, 10, 164, 145, кассы

; турникеты
BrushColor -1
Line 123,73, 106,73, 0.5

;Polygon 263,172, 270,172, 270,179, 263,179
Line 157,117, 125,117, 0.5
PenColor 009900
Stairs 123,76, 127,76, 123,117
PenColor FF0000
Stairs 123,71, 127,71, 123,45

; стрелки
PenColor FF0000
Arrow 150,57, 134,57
PenColor 009900
Arrow 102,95, 118,95

;инфососы
PenColor 94949C
BrushColor 94949C
;Polygon 242,179, 246,179, 246,177, 242,177
PenColor FF0000
BrushColor FF0000
;Polygon 238,179, 242,179, 242,177, 238,177

; правый вестибюль

; нижний уровень

PenColor 000000
Line 672,58, 672,68, 648,68, 648,76, 660,76
Line 660,118, 648,118, 648,123, 683,123, 683,136, 672,136


; эскалатор 4 гор
PenColor 7F7F7F
Stairs 667,79, 667,115, 738,79
PenColor 000000
BrushColor 9B5509
Polygon 660,115, 743,115, 743,118, 660,118
Polygon 660,99, 660,95, 743,95, 743,99
Polygon 660,109, 660,105, 743,105, 743,109
Polygon 660,89, 660,85, 743,85, 743,89
Polygon 660,79, 743,79, 743,76, 660,76

; полупрозрачный уровень
Opaque 80
PenColor FFFFFF
BrushColor FFFFFF
Polygon 674,28, 643,28, 643,40, 620,40, 620,54, 642,54, 642,61, 591,61, 591,82, 643,82, 643,171, 674,171
Polygon 729,75, 686,75, 686,119, 729,119
Opaque 100

; верхний уровень
PenColor 000000
Line 743,76, 751,76, 751,73, 729,73, 729,121, 751,121, 751,118, 743,118
Line 721,247, 674,247, 674,43, 710,43, 710,52, 686,52, 686,118, 705,118, 705,123, 697,123, 697,136, 705,136, 705,143, 758,143, 758,158, 779,158, 779,52, 739,52, 739,43, 779,43, 779,16, 652,16, 643,25, 643,40, 620,40
Line 721,261, 681,261, 0.5
Line 638,78, 591,78, 0.5
Line 721,265, 628,265, 628,247, 643,247, 643,82, 591,82
Line 620,54, 642,54, 642,61, 591,61
Line 729,73, 724,73, 724,53, 0.5
Stairs 593,61, 593,78, 640,61
Stairs 719,261, 719,247, 681,261

PenColor 888888
Line 591,83, 642,83, 642,167
Line 591,60, 641,60, 641,55, 604,55, 604,39, 642,39, 642,27
Line 675,137, 675,44, 709,44, 709,51, 685,51, 685,83, 676,83, 676,110, 685,110, 685,119, 704,119
Line 730,74, 730,120

;лифт
PenColor 000000
BrushColor D0EFFF
Polygon 683,136, 683,123, 697,123, 697,136
BrushColor -1
AngleTextOut 0, Arial, 6, 684, 127, лифт

;лифт
PenColor 000000
BrushColor D0EFFF
Polygon 628,279, 628,265, 643,265, 643,279
BrushColor -1
AngleTextOut 0, Arial, 6, 629, 269, лифт

;лифт
PenColor 000000
BrushColor D0EFFF
Polygon 605,54, 605,40, 620,40, 620,54
BrushColor -1
AngleTextOut 0, Arial, 6, 606, 44, лифт

; кассы
BrushColor FFFFFF
Polygon 677,84, 686,84, 686,109, 677,109
BrushColor -1
AngleTextOut 90, Arial, 10, 675, 109, кассы

; турникеты
BrushColor -1
PenColor 009900
Stairs 707,117, 707,121, 728,117
PenColor FF0000
Stairs 743,55, 739,55, 743,72

; стрелки
PenColor FF0000
Arrow 765,81, 770,81, 770,65, 757,65
PenColor 009900
Arrow 712,68, 712,86
Arrow 765,131, 770,131, 770,113, 758,113

;инфососы
PenColor 94949C
BrushColor 94949C
;Polygon 912,208, 917,208, 917,206, 912,206
PenColor FF0000
BrushColor FF0000
;Polygon 917,208, 922,208, 922,206, 917,206

; Названия улиц голубым
PenColor 00AFAF
BrushColor -1
AngleTextOut 0, Arial, 15, 689, 183, проспект маршала Жукова
AngleTextOut 0, Arial, 15, 119, 182, проспект маршала Жукова
AngleTextOut 90, Arial, 15, -123, 136, улица Народного Ополчения
AngleTextOut -15, Arial, 15, 59, 384, улица Мнёвники


; Выходы
PenColor FFD900
BrushColor 615F56
SpotRect 84, 269, 30, 30, ShowMessage Выход №1
SpotRect 1, 59, 30, 30
SpotRect 564, 17, 30, 30
SpotRect 698, 269, 30, 30
BrushColor -1
TextOut Arial, 25, 92, 270, 1
TextOut Arial, 25, 9, 60, 2
TextOut Arial, 25, 572, 18, 3
TextOut Arial, 25, 706, 270, 4
