Size 1260x1100

Angle -40

; перекресток
;PenColor F5F5F5
;Spline -37,219, 492,119, 1036,139, 80
;Spline -47,138, 516,68, 1036,139, 40
;Spline 163,-75, 62,356, 143,654, 40

; пути
PenColor 000000
BrushColor DE64A1
Polygon 1003,441, 553,441, 553,411, 1003,411
Polygon 553,551, 553,521, 1003,521, 1003,551

BrushColor -1
PenColor DE64A1
AngleTextOut 0, Arial, 20, 553, 387, << Лухмановская
AngleTextOut 0, Arial, 20, 879, 551, посадки нет >>
AngleTextOut 0, Arial, 25, 689, 460, Некрасовка, 1

; правый вестибюль
PenColor 000000
Line 1003,521, 1003,510, 1051,510, 1051,545, 1161,545, 1161,690, 977,690
Line 1003,441, 1003,454, 1051,454, 1051,418, 1161,418, 1161,372, 997,372
Line 997,351, 1266,351
Line 1003,466, 1050,466
Line 1266,372, 1194,372, 1194,690, 1267,690
Line 977,711, 1267,711
Stairs 999,372, 999,351, 1037,372
Stairs 1264,351, 1264,372, 1226,351
Stairs 979,690, 979,711, 1017,690
Stairs 1265,711, 1265,690, 1227,711
Stairs 1005,466, 1005,510, 1050,466

BrushColor D0D0D0
Polygon 1161,441, 1133,441, 1133,522, 1161,522

; кассы
BrushColor -1
Line 1051,421, 1039,421, 1039,450, 1051,450
AngleTextOut 90, Arial, 10, 1038, 449, кассы

; эскалатор 
PenColor 7F7F7F
Stairs 506,466, 506,500, 548,466
PenColor 000000
BrushColor 9B5509
Polygon 553,487, 500,487, 500,491, 553,491
Polygon 553,500, 500,500, 500,503, 553,503
Polygon 553,475, 500,475, 500,478, 553,478
Polygon 553,463, 500,463, 500,466, 553,466

;турникеты
Line 1051,451, 1087,451, 1087,453, 0.5
Line 1133,515, 1097,515, 0.5
Line 1097,511, 1097,517, 0.5
BrushColor -1
Polygon 1085,460, 1091,459, 1090,453, 1084,454
PenColor 009900
Stairs 1087,464, 1092,463, 1095,514
PenColor FF0000
Stairs 1095,517, 1100,517, 1095,542

;лифты
PenColor 000000
BrushColor D0EFFF
Polygon 1210,711, 1198,711, 1198,723, 1210,723
Polygon 1050,339, 1038,339, 1038,351, 1050,351
Polygon 1208,339, 1196,339, 1196,351, 1208,351
Polygon 1031,711, 1019,711, 1019,723, 1031,723
Polygon 1049,454, 1037,454, 1037,466, 1049,466
BrushColor -1
AngleTextOut 0, Arial, 4, 1200, 714, лифт
AngleTextOut 0, Arial, 4, 1040, 342, лифт
AngleTextOut 0, Arial, 4, 1198, 342, лифт
AngleTextOut 0, Arial, 4, 1021, 714, лифт
AngleTextOut 0, Arial, 4, 1039, 457, лифт

;стрелки
PenColor FF0000
Arrow 1063,498, 1072,508
PenColor 009900
Arrow 1118,458, 1104,461


; левый вестибюль

PenColor 000000
Line 553,521, 553,503, 500,503, 500,545, 395,545, 395,556, 435,556
Line 435,574, 395,574, 395,719, 421,719, 421,610, 463,610, 463,704
Line 445,704, 445,628, 439,628, 439,719, 446,719, 446,777
Line 326,704, 326,628, 332,628, 332,719, 150,719, 150,610, 107,610, 107,704
Line 126,704, 126,628, 132,628, 132,719, 100,719, 100,372, 195,372, 195,330, 104,330
Line 104,348, 177,348, 177,354, 100,354, 100,336, 42,336
Line 42,354, 82,354, 82,719, 75,719, 75,655, 55,599, 15,614, 33,663, 33,704
Line 51,704, 51,660, 39,627, 45,625, 57,658, 57,778
Line 75,778, 75,737, 109,737, 109,778
Line 127,778, 127,737, 332,737, 332,777
Line 553,441, 553,463, 500,463, 500,418, 418,418, 418,440, 395,440, 395,372, 435,372
Line 435,354, 291,354, 291,348, 360,348
Line 360,330, 273,330, 273,372, 362,372, 362,719, 350,719, 350,610, 308,610, 308,704
Line 428,777, 428,737, 350,737, 350,777
Stairs 433,372, 433,354, 395,372
Stairs 446,775, 428,775, 446,737
Stairs 350,775, 332,775, 350,737
Stairs 109,776, 127,776, 109,737
Stairs 57,776, 75,776, 57,737
Stairs 44,336, 44,354, 82,336
Stairs 433,574, 433,556, 395,574
Stairs 397,440, 397,475, 416,440
Stairs 397,545, 397,504, 415,545

BrushColor D0D0D0
Polygon 418,475, 395,475, 395,504, 418,504

; кассы
BrushColor -1
Line 500,511, 512,511, 512,540, 500,540
AngleTextOut 90, Arial, 10, 499, 539, кассы

; турникеты
BrushColor -1
Line 451,504, 451,506, 500,506, 0.5
Line 433,467, 451,467, 451,460, 0.5
Polygon 448,497, 448,504, 455,504, 455,497
PenColor 009900
Stairs 449,495, 454,495, 449,468
PenColor FF0000
Stairs 449,460, 454,460, 449,418

; стрелки
PenColor FF0000
Arrow 485,451, 465,451
PenColor 009900
Arrow 435,511, 435,495

; Названия улиц голубым
PenColor 00AFAF
BrushColor -1
AngleTextOut 90, Arial, 15, 1106, 315, Рождественская улица
AngleTextOut 90, Arial, 15, 1101, 871, Рождественская улица
AngleTextOut 0, Arial, 15, 1247, 482, Покровская улица
AngleTextOut 0, Arial, 15, 218, 456, Покровская улица
AngleTextOut 90, Arial, 15, 216, 940, проспект Защитников Москвы
PenColor 000000

; Выходы
PenColor FFD900
BrushColor 615F56
SpotRect 998, 318, 30, 30, ShowMessage Выход №1
SpotRect 1233, 376, 30, 30
SpotRect 1229, 657, 30, 30
SpotRect 983, 656, 30, 30

SpotRect 406, 320, 30, 30
SpotRect 444, 571, 30, 30
SpotRect 454, 740, 30, 30
SpotRect 295, 750, 30, 30
SpotRect 136, 745, 30, 30
SpotRect 11, 745, 40, 30
SpotRect 36, 358, 40, 30

BrushColor -1
TextOut Arial, 25, 1006, 319, 1
TextOut Arial, 25, 1241, 377, 2
TextOut Arial, 25, 1237, 658, 3
TextOut Arial, 25, 991, 657, 4

TextOut Arial, 25, 414, 321, 5
TextOut Arial, 25, 452, 572, 6
TextOut Arial, 25, 462, 741, 7
TextOut Arial, 25, 303, 751, 8
TextOut Arial, 25, 144, 746, 9
TextOut Arial, 25, 19, 746, 10
TextOut Arial, 25, 44, 359, 11
