Size 1120x1280
Angle -25

========================================
; нижний уровень метро

; пути
; метро Некрасовская линия
PenColor 000000
BrushColor DE64A1
Polygon 483,766, 483,736, 933,736, 933,766
Polygon 483,799, 483,769, 933,769, 933,799
Line 483,766, 483,769
Line 933,766, 933,769

; метро БКЛ
BrushColor 30D5C8
Polygon 483,675, 483,645, 933,645, 933,675
Polygon 483,890, 483,860, 933,860, 933,890

; лестница
PenColor CBCBCB
BrushColor FBDFEB
Polygon 727,736, 691,736, 691,799, 727,799
PenColor 000000
Line 651,714, 691,714, 691,824, 651,824
Line 767,714, 727,714, 727,824, 767,824
Line 651,696, 767,696
Line 651,842, 767,842
Stairs 653,696, 653,714, 691,696
Stairs 765,696, 765,714, 727,696
Stairs 653,842, 653,824, 691,842
Stairs 765,842, 765,824, 727,842

BrushColor -1
AngleTextOut 90, Arial, 10, 701, 817, средний
AngleTextOut 90, Arial, 10, 702, 759, уровень
AngleTextOut 0, Arial, 10, 854, 675, нижний уровень

;инфососы
PenColor 94949C
BrushColor 94949C
Polygon 678,822, 673,822, 673,820, 678,820
Polygon 678,846, 673,846, 673,844, 678,844
Polygon 678,694, 673,694, 673,692, 678,692
Polygon 678,718, 673,718, 673,716, 678,716
Polygon 725,730, 725,734, 723,734, 723,730
Polygon 695,805, 695,801, 693,801, 693,805
PenColor FF0000
BrushColor FF0000
Polygon 683,822, 678,822, 678,820, 683,820
Polygon 683,846, 678,846, 678,844, 683,844
Polygon 683,694, 678,694, 678,692, 683,692
Polygon 683,718, 678,718, 678,716, 683,716
Polygon 725,726, 725,730, 723,730, 723,726
Polygon 695,809, 695,805, 693,805, 693,809

; эскалатор 3
PenColor 7F7F7F
Stairs 612,695, 612,716, 555,695
PenColor 000000
BrushColor 9B5509
Polygon 615,692, 551,692, 551,695, 615,695
Polygon 615,700, 551,700, 551,703, 615,703
Polygon 615,708, 551,708, 551,711, 615,711
Polygon 615,716, 551,716, 551,719, 615,719

; эскалатор 3
PenColor 7F7F7F
Stairs 805,695, 805,716, 862,695
PenColor 000000
BrushColor 9B5509
Polygon 866,692, 802,692, 802,695, 866,695
Polygon 866,700, 802,700, 802,703, 866,703
Polygon 866,708, 802,708, 802,711, 866,711
Polygon 866,716, 802,716, 802,719, 866,719

; эскалатор 3
PenColor 7F7F7F
Stairs 612,822, 612,843, 555,822
PenColor 000000
BrushColor 9B5509
Polygon 615,819, 551,819, 551,822, 615,822
Polygon 615,827, 551,827, 551,830, 615,830
Polygon 615,835, 551,835, 551,838, 615,838
Polygon 615,843, 551,843, 551,846, 615,846

; эскалатор 3
PenColor 7F7F7F
Stairs 805,822, 805,843, 862,822
PenColor 000000
BrushColor 9B5509
Polygon 866,819, 802,819, 802,822, 866,822
Polygon 866,827, 802,827, 802,830, 866,830
Polygon 866,835, 802,835, 802,838, 866,838
Polygon 866,843, 802,843, 802,846, 866,846

=====================================
; средний полупрозрачный уровень

Opaque 80
PenColor 707070
Line 933,785, 838,785, 838,811, 792,811, 792,815, 818,815, 818,850, 798,850, 769,821, 716,821, 716,826, 4
Line 483,785, 579,785, 579,811, 625,811, 625,815, 599,815, 599,850, 619,850, 648,821, 701,821, 701,826, 4
Line 482,751, 579,751, 579,727, 625,727, 625,723, 599,723, 599,688, 619,688, 648,717, 701,717, 701,712, 4
Line 933,751, 838,751, 838,727, 792,727, 792,723, 818,723, 818,688, 798,688, 769,717, 716,717, 716,712, 4

PenColor 000000
Line 933,785, 838,785, 838,811, 792,811, 792,815, 818,815, 818,850, 798,850, 769,821, 716,821, 716,826, 2
Line 483,785, 579,785, 579,811, 625,811, 625,815, 599,815, 599,850, 619,850, 648,821, 701,821, 701,826, 2
Line 482,751, 579,751, 579,727, 625,727, 625,723, 599,723, 599,688, 619,688, 648,717, 701,717, 701,712, 2
Line 933,751, 838,751, 838,727, 792,727, 792,723, 818,723, 818,688, 798,688, 769,717, 716,717, 716,712, 2

PenColor D0D0D0
BrushColor D0D0D0
Polygon 484,735, 577,735, 577,725, 597,725, 597,686, 620,686, 649,715, 700,715, 700,697, 717,697, 717,715, 768,715, 797,686, 820,686, 820,725, 840,725, 840,735, 932,735, 932,676, 484,676
Polygon 484,800, 577,800, 577,813, 597,813, 597,852, 620,852, 649,823, 700,823, 700,841, 717,841, 717,823, 768,823, 797,852, 820,852, 820,813, 840,813, 840,800, 932,800, 932,859, 484,859

;PenColor 0F0FFF
PenColor FFFFFF
BrushColor FFFFFF
;Polygon 505,715, 611,715, 680,706, 733,706, 733,700, 748,700, 748,706, 800,706, 864,715, 965,715, 965,799, 864,799, 800,806, 748,806, 748,812, 733,812, 733,806, 680,806, 612,796, 505,796
;Polygon 509,716, 721,716, 721,706, 759,706, 759,716, 961,716, 961,798, 759,798, 759,806, 721,806, 721,798, 509,798
Polygon 478,785, 478,751, 579,751, 579,727, 625,727, 625,717, 792,717, 792,727, 838,727, 838,751, 938,751, 938,785, 838,785, 838,811, 792,811, 792,821, 625,821, 625,811, 579,811, 579,785


;PenColor 0FFFFF
PenColor FFFFFF
;Polygon 505,792, 505,719, 965,719, 965,790
;Polygon 889,715, 889,677, 909,677, 909,715
;Polygon 627,715, 627,677, 607,677, 607,715
;Polygon 889,835, 889,799, 909,799, 909,835
;Polygon 589,834, 589,799, 569,799, 569,834
Opaque 100

=====================================

; верхний уровень метро

;лифт
PenColor 000000
BrushColor D0EFFF
Polygon 701,840, 701,826, 716,826, 716,840
BrushColor -1
AngleTextOut 0, Arial, 6, 702, 829, лифт

;лифт
PenColor 000000
BrushColor D0EFFF
Polygon 701,712, 701,698, 716,698, 716,712
BrushColor -1
AngleTextOut 0, Arial, 6, 702, 701, лифт

;инфососы
PenColor 94949C
BrushColor 94949C
Polygon 543,772, 538,772, 538,770, 543,770
Polygon 864,764, 859,764, 859,762, 864,762
PenColor FF0000
BrushColor FF0000
Polygon 548,772, 543,772, 543,770, 548,770
Polygon 869,764, 864,764, 864,762, 869,762

; турникеты
PenColor 000000
BrushColor -1
Polygon 814,765, 821,765, 821,772, 814,772
Polygon 601,771, 594,771, 594,764, 601,764
PenColor 009900
Stairs 799,745, 802,743, 815,763
Stairs 797,739, 801,739, 797,730
Stairs 616,791, 613,793, 600,773
Stairs 618,797, 614,797, 618,806
PenColor FF0000
Stairs 815,778, 819,778, 814,808
Stairs 600,758, 596,758, 601,728

; кассы
PenColor 000000
BrushColor FFFFFF
Polygon 851,751, 851,742, 877,742, 877,751
Polygon 530,795, 530,786, 556,786, 556,795
BrushColor -1
AngleTextOut 0, Arial, 10, 852, 739, кассы
AngleTextOut 0, Arial, 10, 531, 783, кассы

PenColor 000000
Line 963,890, 963,615, 728,615
Line 991,920, 453,920, 453,785, 424,785
Line 686,593, 686,615, 453,615, 453,751, 424,751

BrushColor D0D0D0
Polygon 938,769, 938,766, 824,766, 824,769
Polygon 478,769, 478,766, 591,766, 591,769
Polygon 478,751, 478,640, 938,640, 938,751, 933,751, 933,645, 483,645, 483,751
Polygon 933,785, 938,785, 938,895, 478,895, 478,785, 483,785, 483,890, 933,890
Polygon 440,769, 440,766, 453,766, 453,769

;PenColor FF8000
;Line 748,700, 748,706, 800,706, 861,677, 889,677, 889,709, 864,709, 864,715, 965,715, 965,628, 505,628, 505,715, 611,715, 611,709, 589,709, 589,677, 615,677, 680,706, 733,706, 733,700, 3
;Line 748,812, 748,806, 800,806, 861,835, 889,835, 889,803, 864,803, 864,799, 965,799, 965,883, 505,883, 505,796, 612,796, 612,802, 589,802, 589,834, 615,834, 680,806, 733,806, 733,812, 3

PenColor 000000
;Line 510,737, 607,737, 607,715, 653,715, 653,711, 627,711, 627,676, 647,676, 676,705, 729,705, 729,700
Line 933,785, 838,785, 838,811, 792,811, 792,815, 818,815, 818,850, 798,850, 769,821, 716,821, 716,826
Line 483,785, 579,785, 579,811, 625,811, 625,815, 599,815, 599,850, 619,850, 648,821, 701,821, 701,826
Line 482,751, 579,751, 579,727, 625,727, 625,723, 599,723, 599,688, 619,688, 648,717, 701,717, 701,712
Line 933,751, 838,751, 838,727, 792,727, 792,723, 818,723, 818,688, 798,688, 769,717, 716,717, 716,712

=====================================
; выходы 1 2 3
PenColor 000000
Line 1150,972, 1179,1013, 1209,992
Line 1145,965, 1092,890, 964,890
Line 1221,1006, 1167,1044, 1131,992, 1094,1018
Line 1083,1003, 1120,977, 1080,920, 1062,920, 951,998
Line 940,984, 1004,939
Line 988,937, 998,930, 991,920
Line 1212,995, 1183,1015, 0.5
Line 1092,1014, 1126,990, 0.5
Line 948,994, 979,972, 0.5
Line 989,914, 922,914, 0.5
Stairs 1217,1009, 1209,997, 1192,1026
Stairs 1085,1002, 1093,1013, 1115,981
Stairs 942,983, 949,993, 973,961
Stairs 983,914, 983,890, 969,914
BrushColor D0D0D0
Polygon 1022,927, 1032,920, 1017,920

;лифт
PenColor 000000
BrushColor D0EFFF
Polygon 1159,1050, 1153,1042, 1161,1036, 1167,1044
BrushColor -1
AngleTextOut 0, Arial, 4, 1156, 1040, лифт

;лифт
PenColor 000000
BrushColor D0EFFF
Polygon 1150,972, 1145,965, 1152,960, 1157,967
BrushColor -1
AngleTextOut 0, Arial, 4, 1147, 963, лифт

;лифт
PenColor 000000
BrushColor D0EFFF
Polygon 985,952, 979,943, 988,937, 994,946
BrushColor -1
AngleTextOut 0, Arial, 4, 982, 941, лифт

; стрелки
PenColor 009900
Arrow 1025,950, 1011,930, 1001,937
PenColor 77FF77
Arrow 999,934, 1009,927, 999,913

========================================
; зал между метро и МЦК

; эскалатор 2
PenColor 7F7F7F
Stairs 328,717, 328,730, 385,717
PenColor 000000
BrushColor 9B5509
Polygon 389,714, 325,714, 325,717, 389,717
Polygon 389,722, 325,722, 325,725, 389,725
Polygon 389,730, 325,730, 325,733, 389,733

; эскалатор 2
PenColor 7F7F7F
Stairs 328,805, 328,818, 385,805
PenColor 000000
BrushColor 9B5509
Polygon 389,802, 325,802, 325,805, 389,805
Polygon 389,810, 325,810, 325,813, 389,813
Polygon 389,818, 325,818, 325,821, 389,821

;лифт
PenColor 000000
BrushColor D0EFFF
Polygon 314,844, 314,830, 329,830, 329,844
BrushColor -1
AngleTextOut 0, Arial, 6, 315, 833, лифт

Line 728,615, 728,535, 711,518
Line 374,788, 374,747
Line 372,767, 325,767, 0.5
Line 438,767, 424,767, 0.5
Line 372,750, 325,750, 325,747, 389,747
Line 389,788, 325,788, 325,785, 372,785
Line 374,714, 374,685, 432,685, 422,714, 426,714
Line 426,733, 422,733, 422,803, 426,803
Line 426,821, 422,821, 432,850, 329,850, 329,828, 374,828, 374,821
Stairs 387,747, 387,733, 325,747
Stairs 387,788, 387,802, 325,788
Line 226,887, 226,850, 329,850
Line 343,593, 343,685, 374,685
Line 304,593, 304,685, 226,685, 226,645
Line 203,645, 203,685, 70,685, 70,850, 203,850, 203,887
PenColor D0D0D0
Line 423,734, 423,802
Line 373,748, 373,787
Line 373,713, 373,686
Line 373,822, 373,827, 328,827, 328,829
Line 328,845, 328,849

; туалет
PenColor 000000
BrushColor 99FF99
Polygon 95,850, 95,862, 83,862, 83,850
BrushColor -1
AngleTextOut 0, Arial, 10, 86, 849, Т

;стрелки
PenColor FF0000
Arrow 403,812, 414,812
PenColor 009900
Arrow 414,724, 403,724

=====================================
; зал между метро и МЦД-4

PenColor 000000
BrushColor D0D0D0
Polygon 686,593, 686,556, 656,519, 650,515, 643,514, 498,514, 486,516, 475,519, 343,567, 343,593
Polygon 304,522, 432,507, 553,463, 553,401, 646,401, 646,428, 662,422, 662,379, 304,379

Line 646,428, 641,430
Line 629,435, 563,459
Line 304,522, 304,593
Line 776,407, 776,415, 719,415, 719,426, 777,426
Line 777,444, 722,444
Line 746,505, 746,486, 765,486, 765,479, 711,479, 711,518
Line 727,463, 719,463, 719,466, 764,466, 764,463
Line 817,443, 815,443, 828,479, 779,479, 779,500, 761,500, 761,505, 761,505
Line 812,430, 810,430, 802,407, 696,407, 696,379, 791,379
Line 791,365, 750,365, 0.5
Stairs 774,426, 774,444, 723,426
PenColor D0D0D0
Line 719,466, 719,478

; кассы
PenColor 000000
BrushColor FFFFFF
Polygon 646,410, 646,401, 553,401, 553,463, 563,459, 563,410
Line 646,410, 646,428
BrushColor -1
AngleTextOut 90, Arial, 10, 551, 458, пригородные
AngleTextOut 0, Arial, 10, 591, 398, кассы

; эскалатор 2
PenColor 7F7F7F
Stairs 730,447, 730,460, 764,447
PenColor 000000
BrushColor 9B5509
Polygon 769,444, 727,444, 727,447, 769,447
Polygon 769,452, 727,452, 727,455, 769,455
Polygon 769,460, 727,460, 727,463, 769,463

;лифт
PenColor 000000
BrushColor D0EFFF
Polygon 746,519, 746,505, 761,505, 761,519
BrushColor -1
AngleTextOut 0, Arial, 6, 747, 509, лифт

; туалет
PenColor 000000
BrushColor 99FF99
Polygon 754,424, 754,415, 763,415, 763,424
BrushColor -1
AngleTextOut 0, Arial, 10, 756, 414, Т

=====================================

; МЦК

; турникеты
PenColor 009900
Stairs 265,714, 265,711, 219,714
Stairs 267,710, 269,712, 292,685
PenColor FF0000
Stairs 269,823, 271,821, 292,849
Stairs 266,822, 266,819, 220,822
PenColor 000000
Line 203,695, 203,685, 0.5
Line 203,841, 203,850, 0.5

; эскалатор 2
PenColor 7F7F7F
Stairs 208,675, 221,675, 208,618
PenColor 000000
BrushColor 9B5509
Polygon 205,614, 205,678, 208,678, 208,614
Polygon 213,614, 213,678, 216,678, 216,614
Polygon 221,614, 221,678, 224,678, 224,614

; эскалатор 2
PenColor 7F7F7F
Stairs 208,917, 221,917, 208,860
PenColor 000000
BrushColor 9B5509
Polygon 205,856, 205,920, 208,920, 208,856
Polygon 213,856, 213,920, 216,920, 216,856
Polygon 221,856, 221,920, 224,920, 224,856

;стрелки
PenColor FF0000
Arrow 215,947, 215,932
PenColor 009900
Arrow 215,604, 215,581

; средний полупрозрачный уровень
Opaque 85
PenColor FFFFFF
BrushColor FFFFFF
Polygon 185,645, 243,645, 243,695, 185,695
Polygon 185,887, 185,841, 243,841, 243,887

;Пути
PenColor DE7272
;BrushColor DE7272
Line 173,556, 173,956, 20
Line 255,556, 255,956, 20
PenColor D56060
Dashed 173,556, 173,956, 13
Dashed 255,556, 255,956, 13
PenColor 000000
Line 184,966, 184,546, 244,546, 244,966, 184,966
Opaque 100

; верхний уровень
Line 203,645, 226,645
Line 203,887, 226,887

;лифт
PenColor 000000
BrushColor D0EFFF
Polygon 217,710, 203,710, 203,695, 217,695
BrushColor -1
AngleTextOut 90, Arial, 6, 206, 709, лифт

;лифт
PenColor 000000
BrushColor D0EFFF
Polygon 217,841, 203,841, 203,826, 217,826
BrushColor -1
AngleTextOut 90, Arial, 6, 206, 840, лифт


===================================
; выход 7
PenColor 000000
Line 696,38, 749,38, 749,28, 791,28
Line 791,10, 737,10, 737,20, 662,20
Line 697,20, 697,4
Line 720,6, 708,6, 708,4
Line 791,13, 749,13, 0.5
Stairs 789,13, 789,28, 751,13

;лифт
PenColor 000000
BrushColor D0EFFF
Polygon 720,20, 720,6, 735,6, 735,20
BrushColor -1
AngleTextOut 0, Arial, 6, 721, 10, лифт

; стрелки
PenColor 009900
Arrow 703,1, 703,10, 718,10
PenColor 77FF77
Line 718,14, 703,14, 703,19
Arrow 703,21, 703,28, 692,28

===================================

; МЦД-4

; нижний уровень

; платформы
PenColor 000000
Line 791,293, 749,293, 749,284, 696,284, 696,215, 749,215, 749,207, 791,207
Line 791,189, 749,189, 749,181, 696,181, 696,107, 749,107, 749,99, 791,99
Line 791,81, 749,81, 749,73, 696,73, 696,38
Line 662,20, 662,73, 610,73, 610,80
Line 610,99, 610,107, 662,107, 662,181, 610,181, 610,189
Line 610,208, 610,215, 662,215, 662,284, 610,284, 610,292
Line 610,311, 610,318, 662,318, 662,379
Line 791,310, 749,310, 749,318, 696,318, 696,361, 791,361
Stairs 789,293, 789,310, 751,293
Stairs 789,365, 789,379, 751,365
Stairs 789,189, 789,207, 751,189
Stairs 789,81, 789,99, 751,81

; турникеты
PenColor 009900
Stairs 657,299, 652,299, 657,285
Stairs 704,299, 699,299, 704,285
Stairs 657,196, 652,196, 657,182
Stairs 704,196, 699,196, 704,182
Stairs 658,88, 653,88, 658,74
Stairs 705,88, 700,88, 705,74
PenColor FF0000
Stairs 652,303, 657,303, 652,317
Stairs 699,303, 704,303, 699,317
Stairs 652,200, 657,200, 652,214
Stairs 699,200, 704,200, 699,214
Stairs 653,92, 658,92, 653,106
Stairs 700,92, 705,92, 700,106

;инфососы
PenColor 94949C
BrushColor 94949C
Polygon 678,301, 678,305, 680,305, 680,301
PenColor FF0000
BrushColor FF0000
Polygon 678,297, 678,301, 680,301, 680,297

; эскалатор 2
PenColor 7F7F7F
Stairs 549,295, 549,308, 606,295
PenColor 000000
BrushColor 9B5509
Polygon 610,292, 546,292, 546,295, 610,295
Polygon 610,300, 546,300, 546,303, 610,303
Polygon 610,308, 546,308, 546,311, 610,311

; эскалатор 2
PenColor 7F7F7F
Stairs 549,192, 549,205, 606,192
PenColor 000000
BrushColor 9B5509
Polygon 610,189, 546,189, 546,192, 610,192
Polygon 610,197, 546,197, 546,200, 610,200
Polygon 610,205, 546,205, 546,208, 610,208

; эскалатор 2
PenColor 7F7F7F
Stairs 549,83, 549,96, 606,83
PenColor 000000
BrushColor 9B5509
Polygon 610,80, 546,80, 546,83, 610,83
Polygon 610,88, 546,88, 546,91, 610,91
Polygon 610,96, 546,96, 546,99, 610,99

; полупрозрачный уровень

Opaque 70
PenColor FFFFFF
BrushColor FFFFFF
Polygon 567,40, 767,40, 767,357, 567,357
Opaque 100

; верхний уровень

; платформы
PenColor 000000
BrushColor -1
Polygon 829,120, 379,120, 379,60, 829,60
Polygon 829,228, 379,228, 379,168, 829,168
Polygon 829,332, 378,332, 378,272, 829,272

; пути
PenColor 3FB585
Line 388,156, 820,156, 20
Line 388,345, 820,345, 20
PenColor 2F7555
Railway 10, 14, 4, 348,151, 848,151
Railway 10, 14, 4, 348,340, 848,340
PenColor C0C0C0
Railway 10, 14, 4, 348,256, 848,256
Railway 10, 14, 4, 348,234, 848,234
Railway 10, 14, 4, 348,44, 848,44
Railway 10, 14, 4, 348,127, 848,127

;лифт
PenColor 000000
BrushColor D0EFFF
Polygon 720,87, 720,73, 735,73, 735,87
BrushColor -1
AngleTextOut 0, Arial, 6, 721, 77, лифт

;лифт
PenColor 000000
BrushColor D0EFFF
Polygon 720,195, 720,181, 735,181, 735,195
BrushColor -1
AngleTextOut 0, Arial, 6, 721, 185, лифт

;лифт
PenColor 000000
BrushColor D0EFFF
Polygon 720,298, 720,284, 735,284, 735,298
BrushColor -1
AngleTextOut 0, Arial, 6, 721, 288, лифт

Line 791,81, 791,79, 767,79, 767,101, 791,101, 791,99
Line 791,189, 791,187, 767,187, 767,209, 791,209, 791,207
Line 791,293, 791,291, 767,291, 767,312, 791,312, 791,310

Line 546,80, 546,78, 567,78, 567,101, 546,101, 546,99
Line 546,189, 546,187, 567,187, 567,210, 546,210, 546,208
Line 546,292, 546,290, 567,290, 567,313, 546,313, 546,311

=====================================
; надписи

; метро БКЛ
PenColor 000000
BrushColor -1
AngleTextOut 0, Arial, 20, 488, 652, << Авиамоторная
AngleTextOut 0, Arial, 20, 781, 858, Текстильщики >>
PenColor FFFFFF
AngleTextOut 0, Arial, 20, 487, 651, << Авиамоторная
AngleTextOut 0, Arial, 20, 780, 857, Текстильщики >>

; метро Некрасовская линия
PenColor 000000
AngleTextOut 0, Arial, 25, 624, 752, Нижегородская, 1
AngleTextOut 0, Arial, 20, 948, 736, << посадки нет
AngleTextOut 0, Arial, 20, 948, 782, Стахановская >>
PenColor DE64A1
AngleTextOut 0, Arial, 25, 623, 751, Нижегородская, 1
AngleTextOut 0, Arial, 20, 947, 735, << посадки нет
AngleTextOut 0, Arial, 20, 947, 781, Стахановская >>

PenColor 000000
AngleTextOut 0, Arial, 10, 865, 749, верхний уровень

; МЦД-4
PenColor 3FB585
AngleTextOut 0, Arial, 20, 221, 184, << Серп и Молот
AngleTextOut 0, Arial, 20, 840, 290, Чухлинка >>
AngleTextOut 0, Arial, 25, 500, -41, Нижегородская, 1
AngleTextOut 0, Arial, 15, 196, 146, "<< МЦД-4, на Москву"
AngleTextOut 0, Arial, 15, 196, 335, "МЦД-4, из Москвы >>"
PenColor 000000
AngleTextOut 0, Arial, 10, 382, 59, << Экспрессы на Москву
AngleTextOut 0, Arial, 10, 723, 108, Экспрессы из Москвы >>
AngleTextOut 0, Arial, 10, 196, 232, << Пригородные поезда на Москву
AngleTextOut 0, Arial, 10, 196, 255, Пригородные поезда из Москвы >>
PenColor 777777
AngleTextOut 0, Arial, 15, 473, 294, пл.1
AngleTextOut 0, Arial, 15, 473, 192, пл.2
AngleTextOut 0, Arial, 15, 473, 79, пл.3
AngleTextOut 0, Arial, 10, 858, 337, путь 1
AngleTextOut 0, Arial, 10, 858, 253, путь 2
AngleTextOut 0, Arial, 10, 858, 231, путь 3
AngleTextOut 0, Arial, 10, 858, 148, путь 4
AngleTextOut 0, Arial, 10, 858, 124, путь 5
AngleTextOut 0, Arial, 10, 858, 41, путь 6

; МЦК
BrushColor -1
PenColor DE7272
AngleTextOut 90, Arial, 25, 98, 889, Нижегородская (МЦК), 1
AngleTextOut 90, Arial, 20, 142, 964, << Новохохловская
AngleTextOut 90, Arial, 20, 262, 675, Андроновка >>
=====================================

; вне станции

; Названия улиц голубым
BrushColor -1
PenColor 00AFAF
AngleTextOut 35, Arial, 15, 1047, 965, Рязанский проспект


Angle 25

; Выходы
PenColor FFD900
BrushColor 615F56
SpotRect 757, 1073, 30, 30, ShowMessage Выход №1
SpotRect 856, 1156, 30, 30
SpotRect 1012, 1245, 30, 30
SpotRect 366, 737, 30, 30
SpotRect 883, 568, 30, 30
SpotRect 891, 500, 30, 30
SpotRect 1020, 128, 30, 30

BrushColor -1
TextOut Arial, 25, 765, 1074, 1
TextOut Arial, 25, 864, 1157, 2
TextOut Arial, 25, 1020, 1246, 3
TextOut Arial, 25, 374, 738, 4
TextOut Arial, 25, 891, 569, 5
TextOut Arial, 25, 899, 501, 6
TextOut Arial, 25, 1028, 129, 7
