Size 970x1430
Angle -40

===================================

; Новаторская БКЛ

;Пути
BrushColor 30D5C8
Polygon 488,999, 488,969, 938,969, 938,999
Polygon 938,889, 938,859, 488,859, 488,889

BrushColor -1
PenColor 30D5C8
AngleTextOut 0, Arial, 25, 664, 908, Новаторская (БКЛ), 1
AngleTextOut 0, Arial, 20, 611, 833, << Проспект Вернадского
AngleTextOut 0, Arial, 20, 793, 999, Воронцовская >>

; правый вестибюль

PenColor 000000
Line 938,889, 938,909, 952,909
Line 938,969, 938,965, 979,965
Line 1017,908, 1017,898, 1034,898, 1034,861, 1129,861, 1129,821, 1188,821
Line 1188,839, 1148,839, 1148,957, 1201,974, 1250,974
Line 1250,992, 1197,992, 1139,974, 1068,974, 1068,984, 1132,984
Line 1132,995, 1055,995, 1055,974, 1034,974, 1034,965, 990,965
Line 990,954, 1034,954, 1034,949, 1026,949
Line 979,954, 938,954, 938,949, 952,949
Line 1250,978, 1210,978, 0.5
Line 1101,970, 1127,970, 0.5
Line 1097,865, 1127,865, 0.5
Line 1148,835, 1188,835, 0.5
Stairs 1186,821, 1186,835, 1148,821
Stairs 1248,992, 1248,978, 1210,992
Stairs 1124,865, 1124,895, 1097,865
Stairs 1124,970, 1124,941, 1101,970

BrushColor D0D0D0
Polygon 1129,941, 1129,895, 1070,895, 1070,934, 1077,941

PenColor D0D0D0
Line 938,964, 938,955
Line 1034,955, 1034,964

; кассы
PenColor 000000
BrushColor FFFFFF
Polygon 1070,900, 1078,900, 1078,928, 1070,928
BrushColor -1
AngleTextOut 90, Arial, 10, 1067, 926, кассы

; эскалатор 3 гор
PenColor 7F7F7F
Stairs 959,912, 959,946, 1021,912
PenColor 000000
BrushColor 9B5509
Polygon 952,946, 1026,946, 1026,949, 952,949
Polygon 952,938, 952,933, 1026,933, 1026,938
Polygon 952,925, 952,920, 1026,920, 1026,925
Polygon 952,912, 1026,912, 1026,909, 952,909

; турникеты
BrushColor -1
Line 1037,954, 1061,954, 1081,974, 0.5
Line 1048,974, 1048,964, 0.5
Stairs 1046,956, 1050,956, 1046,966
PenColor 009900
Stairs 1057,865, 1053,865, 1057,922
PenColor FF0000
Stairs 1057,927, 1053,927, 1057,954

; стрелки
PenColor FF0000
Arrow 1071,954, 1088,954
PenColor 009900
Arrow 1092,880, 1075,880

лифт
PenColor 000000
BrushColor D0EFFF
Polygon 979,965, 979,954, 990,954, 990,965
BrushColor -1
AngleTextOut 0, Arial, 4, 981, 956, лифт


лифт
PenColor 000000
BrushColor D0EFFF
Polygon 1132,995, 1132,984, 1143,984, 1143,995
BrushColor -1
AngleTextOut 0, Arial, 4, 1134, 986, лифт


======================================
; Новаторская, Троицкая линия

;Пути
PenColor 000000
BrushColor 03795F
Polygon 206,848, 176,848, 176,399, 206,399
Polygon 314,848, 284,848, 284,399, 314,399

BrushColor -1
PenColor 03795F
AngleTextOut 90, Arial, 25, 225, 549, Новаторская, 1
AngleTextOut 90, Arial, 20, 313, 531, Вавиловская >>
AngleTextOut 90, Arial, 20, 151, 846, << Университет дружбы народов

;инфососы
PenColor 94949C
BrushColor 94949C
Polygon 244,720, 240,720, 240,718, 244,718
PenColor FF0000
BrushColor FF0000
Polygon 248,720, 244,720, 244,718, 248,718

;инфососы
PenColor 94949C
BrushColor 94949C
Polygon 246,555, 250,555, 250,553, 246,553
PenColor FF0000
BrushColor FF0000
Polygon 242,555, 246,555, 246,553, 242,553

; северный вестибюль

PenColor 000000
Line 206,399, 225,399, 225,381
Line 284,399, 265,399, 265,381
Line 225,329, 222,329, 222,278, 228,278, 228,239, 245,239, 245,114, 186,114, 186,56
Line 204,56, 204,96, 263,96, 263,204, 267,204, 267,164
Line 285,164, 285,222, 267,222, 267,239, 283,239, 283,312, 268,312, 268,329, 265,329
Line 271,204, 271,164, 0.5
Line 200,56, 200,96, 0.5
Stairs 285,166, 271,166, 285,204
Stairs 200,58, 186,58, 200,96

BrushColor D0D0D0
Polygon 261,258, 261,277, 250,277, 250,258

; эскалатор 3 верт
PenColor 7F7F7F
Stairs 228,375, 262,375, 228,325
PenColor 000000
BrushColor 9B5509
Polygon 225,381, 225,321, 228,321, 228,381
Polygon 236,381, 236,321, 241,321, 241,381
Polygon 249,381, 249,321, 254,321, 254,381
Polygon 262,381, 262,321, 265,321, 265,381

; турникеты
Line 252,309, 252,277, 0.5
PenColor 009900
Stairs 228,288, 225,291, 250,309
PenColor FF0000
Stairs 255,290, 255,296, 280,290

PenColor D0D0D0
Line 244,632, 262,632, 262,622
Line 245,641, 262,641, 262,653
;лифт
PenColor 000000
BrushColor D0EFFF
Polygon 233,642, 233,631, 244,631, 244,642
BrushColor -1
AngleTextOut 0, Arial, 4, 234, 633, лифт

;инфососы
PenColor 94949C
BrushColor 94949C
Polygon 225,305, 225,301, 223,301, 223,305
PenColor FF0000
BrushColor FF0000
Polygon 225,309, 225,305, 223,305, 223,309

; кассы
PenColor 000000
BrushColor FFFFFF
Polygon 228,249, 220,249, 220,275, 228,275
BrushColor -1
AngleTextOut 90, Arial, 10, 217, 274, кассы




======================================
; пересадка 1

PenColor 000000
Line 488,889, 488,911, 358,911
Line 284,912, 267,911, 267,848, 284,848
Line 488,969, 488,949, 358,949
Line 284,949, 224,949, 224,848, 206,848
Line 240,904, 243,904, 243,852, 240,852, 240,904, 0.5
Line 262,852, 262,904, 0.5
Line 232,904, 232,852, 0.5
Stairs 224,854, 262,854, 224,904

; эскалатор 4 гор
PenColor 7F7F7F
Stairs 291,914, 291,946, 353,914
PenColor 000000
BrushColor 9B5509
Polygon 284,946, 358,946, 358,949, 284,949
Polygon 284,941, 284,937, 358,937, 358,941
Polygon 284,932, 284,928, 358,928, 358,932
Polygon 284,923, 284,919, 358,919, 358,923
Polygon 284,914, 358,914, 358,911, 284,911

======================================
; пересадка 2 и выходы

; прозрачный уровень
Opaque 80
PenColor FFFFFF
BrushColor FFFFFF
Polygon 574,890, 574,858, 609,858, 609,890
Polygon 369,950, 369,910, 409,910, 409,950
Polygon 283,653, 283,622, 315,622, 315,653
PenColor 000000
BrushColor D0D0D0
;Polygon 276,284, 338,284, 338,289, 276,289
;Polygon 276,307, 276,312, 338,312, 338,307
;Polygon 360,284, 360,289, 419,289, 419,284
;Polygon 295,167, 295,163, 338,163, 338,167
Opaque 100


Line 649,952, 534,952
Line 649,911, 609,911, 609,811, 420,622, 262,622, 262,582
Line 231,582, 231,693
Line 262,693, 262,653, 383,653, 390,660, 379,671, 417,709
Line 424,702, 393,671, 397,667, 454,724, 450,728, 431,709
Line 424,716, 450,742, 461,731, 497,767, 388,876, 368,856, 368,816
Line 534,911, 574,911, 574,844, 560,830, 472,830, 409,893, 409,989, 425,1017, 425,1040
Line 414,1022, 414,1079
Line 350,868, 350,874, 369,893, 369,980, 386,1010, 328,1010, 328,970
Line 350,859, 350,816
Line 310,970, 310,1010, 214,1010, 214,971
Line 196,971, 196,1028, 392,1028, 392,1079
Line 339,816, 339,871, 350,871
Line 210,971, 210,1011, 0.5
Line 315,970, 315,1010, 0.5
Line 396,1039, 396,1078, 0.5
Line 248,582, 248,622, 0.5
Line 244,582, 244,622, 0.5
Line 534,929, 574,929, 0.5
Line 574,934, 534,934, 0.5
Line 649,929, 609,929, 0.5
Line 609,934, 649,934, 0.5
Line 244,693, 244,653, 0.5
Line 248,693, 248,653, 0.5
Line 363,856, 363,816, 0.5
Line 558,828, 542,812, 0.5
Stairs 231,691, 244,691, 231,653
Stairs 262,691, 248,691, 262,653
Stairs 248,584, 262,584, 248,622
Stairs 231,584, 244,584, 231,622
Stairs 536,929, 536,911, 574,929
Stairs 647,929, 647,911, 609,929
Stairs 536,952, 536,934, 574,952
Stairs 647,952, 647,934, 609,952
Stairs 350,818, 363,818, 350,856
Stairs 396,1077, 414,1077, 396,1039
Stairs 315,972, 328,972, 315,1010
Stairs 196,973, 210,973, 196,1011

PenColor D0D0D0
Line 339,816, 350,816
Line 350,859, 350,868

; эскалатор 6 под 65
PenColor 7F7F7F
Stairs 441,647, 411,677, 476,682
PenColor 000000
BrushColor 9B5509
Polygon 406,672, 449,715, 447,717, 404,674
Polygon 409,669, 411,667, 454,710, 452,712
Polygon 414,664, 416,662, 459,705, 457,707
Polygon 419,659, 423,655, 466,698, 462,702
Polygon 426,652, 469,695, 471,693, 428,650
Polygon 431,647, 474,690, 476,688, 433,645
Polygon 436,642, 479,685, 481,683, 438,640

;лифт
PenColor 000000
BrushColor D0EFFF
Polygon 585,952, 585,938, 600,938, 600,952
BrushColor -1
AngleTextOut 0, Arial, 6, 586, 942, лифт

;лифт
PenColor 000000
BrushColor D0EFFF
Polygon 417,709, 424,702, 431,709, 424,716
BrushColor -1
AngleTextOut 0, Arial, 4, 420, 707, лифт

;лифт
PenColor 000000
BrushColor D0EFFF
Polygon 339,852, 339,841, 350,841, 350,852
BrushColor -1
AngleTextOut 0, Arial, 4, 340, 843, лифт

;лифт
PenColor 000000
BrushColor D0EFFF
Polygon 414,1036, 414,1025, 425,1025, 425,1036
BrushColor -1
AngleTextOut 0, Arial, 4, 415, 1027, лифт

;лифт
PenColor 000000
BrushColor D0EFFF
Polygon 199,1039, 199,1028, 210,1028, 210,1039
BrushColor -1
AngleTextOut 0, Arial, 4, 200, 1030, лифт



; кассы
BrushColor -1
Line 537,830, 537,839, 509,839, 509,830
AngleTextOut 0, Arial, 10, 511, 827, кассы

; турникеты
PenColor 009900
Stairs 540,808, 540,812, 507,807
PenColor FF0000
Stairs 505,805, 502,808, 483,783

; стрелки
PenColor 000000
Arrow 268,920, 254,920
Arrow 254,940, 268,940

======================================

;названия улиц синим
PenColor 00AFAF
BrushColor -1
AngleTextOut 0, Arial, 15, 1172, 899, улица Новаторов
AngleTextOut 0, Arial, 15, 73, 912, улица Новаторов
AngleTextOut 90, Arial, 15, 247, 1158, Ленинский проспект
AngleTextOut 90, Arial, 15, 218, 183, Ленинский проспект

; Выходы
Angle 40
PenColor FFD900
BrushColor 615F56
SpotRect 936, 1198, 30, 30, ShowMessage Выход №1
SpotRect 830, 1395, 30, 30
SpotRect 210, 944, 30, 30
SpotRect 147, 776, 30, 30
SpotRect 59, 702, 30, 30
SpotRect 337, 722, 30, 30
SpotRect 690, 175, 30, 30
SpotRect 624, 13, 30, 30
BrushColor -1
TextOut Arial, 25, 944, 1199, 1
TextOut Arial, 25, 838, 1396, 2
TextOut Arial, 25, 218, 945, 3
TextOut Arial, 25, 155, 777, 4
TextOut Arial, 25, 67, 703, 5
TextOut Arial, 25, 345, 723, 6
TextOut Arial, 25, 698, 176, 7
TextOut Arial, 25, 632, 14, 8
