Size 1150x850
Angle -40

; Новоясеневская

;Пути
BrushColor FC9C54
Polygon 205,587, 205,557, 655,557, 655,587
Polygon 655,477, 655,447, 205,447, 205,477

BrushColor -1
PenColor F7782E
AngleTextOut 0, Arial, 25, 327, 488, Новоясеневская, 1
AngleTextOut 0, Arial, 20, 209, 425, << Ясенево
AngleTextOut 0, Arial, 20, 527, 587, посадки нет >>

; левый вестибюль
PenColor 000000
Line -11,379, 57,379, 57,455, 155,455, 155,487, 205,487, 205,477
Line 102,586, 57,598, 57,578, 155,578, 155,547, 205,547, 205,557
Line 107,604, 55,618, 39,618, 39,397, -11,397
Line 102,590, 58,602, 0.5
Line 53,420, 53,398, 0.5
Line 28,383, -10,383, 0.5
Line 203,491, 157,491, 0.5
Stairs 158,491, 158,547, 203,491
Stairs 62,601, 66,615, 99,591
Stairs -9,383, -9,397, 28,383
Stairs 39,399, 53,399, 39,421
BrushColor D0D0D0
Polygon 67,488, 58,488, 58,545, 67,545

; кассы
BrushColor -1
Line 155,549, 164,549, 164,576, 155,576
AngleTextOut 90, Arial, 10, 153, 575, кассы

; турникеты
Polygon 106,502, 102,506, 98,502, 102,498
PenColor 009900
Stairs 109,505, 105,509, 153,547
PenColor FF0000
Stairs 104,459, 99,459, 105,496

; стрелки
PenColor FF0000
Arrow 75,471, 63,471
PenColor 009900
Arrow 63,561, 75,561

;инфососы
PenColor 34349C
BrushColor 34349C
Polygon 415,519, 415,529, 414,529, 414,519
Polygon 71,499, 71,494, 69,494, 69,499
PenColor FF0000
BrushColor FF0000
Polygon 415,524, 415,519, 414,519, 414,524
Polygon 71,504, 71,499, 69,499, 69,504

; Битцевский парк

; затемнение платформ
PenColor EEEEEE
BrushColor EEEEEE
Polygon 711,286, 1160,286, 1160,366, 711,366, 711,351, 793,351, 793,300, 711,300

; пути
PenColor 000000
BrushColor 8CBCFC
Polygon 1160,366, 1160,396, 711,396, 711,366
Polygon 1160,256, 1160,286, 711,286, 711,256

PenColor 2D69FC
BrushColor -1
AngleTextOut 0, Arial, 25, 852, 216, Битцевский парк
AngleTextOut 0, Arial, 20, 711, 232, << посадки нет
AngleTextOut 0, Arial, 20, 1085, 396, Лесопарковая >>

;PenColor FFFFFF
;BrushColor FFFFFF
;Polygon 1021,313, 1114,313, 1113,337, 1082,337, 1084,363, 1057,365, 1057,337, 1021,337

PenColor 000000
Line 1160,286, 1160,366
Line 743,351, 711,351, 711,366

; общий вестибюль
Opaque 85
PenColor FFFFFF
BrushColor FFFFFF
Polygon 1057,397, 1057,334, 1023,334, 1023,316, 1112,316, 1112,334, 1082,334, 1082,397
Polygon 717,350, 743,350, 743,397, 717,397
PenColor DFDFDF
BrushColor FEFBF1
;Ellipse 864,423, 1082,268
Opaque 100

PenColor 000000
BrushColor D0D0D0
Polygon 793,488, 784,488, 784,546, 793,546
Polygon 743,346, 743,351, 793,351, 793,346

PenColor 000000
Line 885,399, 793,399, 793,436, 783,436
Line 783,450, 793,450, 793,459, 784,459, 784,455, 743,455, 743,351
Line 711,286, 711,300, 793,300, 793,305, 717,305, 717,455, 706,455, 706,487, 655,487, 655,477
Line 1017,316, 1118,316
Line 1118,334, 1082,334, 1082,417, 1001,417
Line 871,417, 811,417, 811,578, 793,578, 793,574, 784,574, 784,578, 706,578, 706,547, 655,547, 655,557
Line 986,399, 1057,399, 1057,334, 1017,334
Line 706,540, 655,540, 0.5

Stairs 1116,334, 1116,316, 1082,334
Stairs 1019,334, 1019,316, 1057,334
Stairs 703,487, 703,540, 657,487
Stairs 791,346, 791,305, 745,346

Line 871,413, 847,413, 0.5
Line 1002,413, 1024,413, 0.5
Stairs 1003,399, 1003,413, 1025,399
Stairs 869,399, 869,413, 847,399
Stairs 793,424, 811,424, 793,434

; старый инфосос
PenColor 34349C
BrushColor 34349C
Polygon 782,530, 782,534, 781,534, 781,530
PenColor FF0000
BrushColor FF0000
Polygon 782,526, 782,530, 781,530, 781,526


;павильон

Opaque 85
PenColor DFDFDF
BrushColor FEFBF1
Ellipse 795,443, 1079,242

PenColor D0D0D0
BrushColor D0D0D0
Polygon 838,269, 947,269, 947,241, 919,242, 891,246, 864,255
Polygon 977,269, 977,245, 1002,252, 1027,264, 1050,282, 1063,297, 1073,316, 1077,337, 1076,359, 1068,379, 1055,398, 1036,415, 1012,428, 975,439, 933,443, 897,439, 860,428, 838,415, 819,398, 807,383, 798,361, 795,335, 803,309, 867,309, 867,425, 1005,425, 1005,308, 1013,308, 1013,281, 1005,281, 1005,269

PenColor 000000
Spline 838,269, 864,255, 891,246, 919,242, 947,241
Spline 803,309, 795,335, 798,362, 807,383, 819,398, 838,415, 860,428, 897,439, 933,443, 975,439, 1012,428, 1036,415, 1055,398, 1068,379, 1076,359, 1077,337, 1073,316, 1063,297, 1050,282, 1027,264, 1002,252, 977,245

PenColor 000000
Line 803,309, 867,309, 867,425, 1005,425, 1005,269, 977,269, 977,245
Line 947,241, 947,269, 838,269
Line 977,417, 1001,417, 1001,399, 977,399
Line 895,417, 871,417, 871,399, 895,399
Line 940,270, 940,314, 0.5
Line 894,413, 871,413, 0.5
Line 978,413, 1001,413, 0.5
Line 987,327, 1004,327, 0.5
Line 904,327, 919,327, 0.5
Stairs 979,413, 979,399, 1000,413
Stairs 893,413, 893,399, 872,413

; кассы
BrushColor -1
Line 1005,281, 1013,281, 1013,308, 1005,308
AngleTextOut 90, Arial, 10, 1002, 307, кассы

; турникеты
PenColor 000000
BrushColor -1
Polygon 986,324, 986,333, 977,333, 977,324
PenColor 009900
Stairs 945,325, 945,330, 975,325
PenColor FF0000
Stairs 903,325, 903,330, 869,325

; стрелки
PenColor FF0000
Arrow 873,290, 850,290
PenColor 009900
Arrow 963,262, 963,285

PenColor 000000
AngleTextOut 0, Arial, 8, 955, 247, вход
AngleTextOut 90, Arial, 8, 832, 302, выход

BrushColor 000000
Opaque 100

;лифты
PenColor 000000
BrushColor D0EFFF
Polygon 920,317, 940,317, 940,338, 920,338
BrushColor -1
AngleTextOut 45, Arial, 8, 920, 330, лифт


PenColor 000000
Stairs 788,439, 792,439, 788,448
BrushColor D0EFFF
Polygon 769,436, 783,436, 783,450, 769,450
BrushColor -1
AngleTextOut 45, Arial, 6, 768, 445, лифт

;названия улиц синим
PenColor 00AFAF
BrushColor -1
AngleTextOut 15, Arial, 20, -111, 468, Новоясеневский
AngleTextOut 15, Arial, 20, -88, 485, проспект
AngleTextOut -20, Arial, 20, 872, 466, Новоясеневский проспект
AngleTextOut 15, Arial, 20, 93, 717, Ясеневское кладбище
AngleTextOut 0, Arial, 20, 783, 88, Битцевский лесопарк
BrushColor FFFFFF

; Выходы
Angle 40
PenColor FFD900
BrushColor 615F56
SpotRect 996, 490, 30, 30, ShowMessage Выход №1
SpotRect 69, 272, 30, 30
SpotRect 89, 8, 30, 30
BrushColor -1
TextOut Arial, 25, 1004, 491, 1
TextOut Arial, 25, 77, 273, 2
TextOut Arial, 25, 97, 9, 3
