Size 1200x1550

Angle 10

=======================================
; метро ЛДЛ

; нижний уровень

; пути
PenColor 000000
BrushColor 84BC54
Polygon 662,1269, 662,819, 692,819, 692,1269
Polygon 552,819, 582,819, 582,1269, 552,1269

BrushColor -1
PenColor 84BC54
AngleTextOut -90, Arial, 20, 716, 819, << Верхние Лихоборы
AngleTextOut -90, Arial, 20, 553, 1035, Петровско-Разумовская >>
AngleTextOut -90, Arial, 25, 637, 992, Окружная, 1

;инфосос
PenColor 94949C
BrushColor 94949C
Polygon 622,1055, 626,1055, 626,1056, 622,1056
PenColor FF0000
BrushColor FF0000
Polygon 618,1055, 622,1055, 622,1056, 618,1056

; южный вестибюль

PenColor 000000
Line 662,1269, 654,1269, 654,1167, 646,1167, 646,1203
Line 933,1394, 944,1383, 995,1434, 979,1450, 979,1615
Line 904,1423, 885,1442, 912,1469, 945,1469, 945,1615
Line 960,1562, 960,1522, 0.5
Line 964,1562, 964,1522, 0.5
Line 621,1203, 621,1175, 0.5
Line 625,1203, 625,1175, 0.5
Line 960,1615, 960,1575, 0.5
Line 964,1615, 964,1575, 0.5

Stairs 964,1613, 979,1613, 964,1575
Stairs 945,1613, 960,1613, 945,1575
Stairs 599,1177, 621,1177, 599,1203
Stairs 625,1177, 646,1177, 625,1203

Stairs 964,1560, 979,1560, 964,1522
Stairs 945,1560, 960,1560, 945,1522


;лифт
PenColor 000000
BrushColor D0EFFF
Polygon 979,1516, 979,1502, 994,1502, 994,1516
BrushColor -1
AngleTextOut 0, Arial, 6, 980, 1506, лифт

; турникеты
PenColor 000000
Line 955,1413, 964,1404, 0.5
Line 941,1435, 962,1456, 962,1506, 0.5
Polygon 930,1433, 935,1428, 940,1433, 935,1438
PenColor 009900
Stairs 929,1436, 932,1439, 905,1460
PenColor FF0000
Stairs 938,1427, 941,1430, 953,1412

; кассы
PenColor 000000
BrushColor -1
Line 943,1469, 943,1477, 915,1477, 915,1469
AngleTextOut 0, Arial, 10, 917, 1466, кассы

;инфососы
PenColor 94949C
BrushColor 94949C
Polygon 956,1452, 959,1455, 958,1456, 955,1453
PenColor FF0000
BrushColor FF0000
Polygon 953,1449, 956,1452, 955,1453, 952,1450

; эскалатор 4 45
PenColor 7F7F7F
Stairs 932,1397, 907,1422, 765,1230
PenColor 000000
BrushColor 9B5509
Polygon 938,1399, 764,1225, 762,1227, 936,1401
Polygon 932,1405, 758,1231, 755,1234, 929,1408
Polygon 925,1412, 751,1238, 748,1241, 922,1415
Polygon 918,1419, 744,1245, 741,1248, 915,1422
Polygon 911,1426, 737,1252, 735,1254, 909,1428


; северный вестибюль

PenColor 000000
Line 582,819, 597,819, 597,932, 606,932, 606,865
Line 662,819, 645,819, 645,932, 636,932, 636,865
Line 465,822, 465,872, 515,872, 515,826, 554,787
Line 483,840, 483,833, 547,769, 584,769, 584,699, 662,699, 662,769, 679,769, 679,764
Line 679,689, 679,681, 675,681
Stairs 700,696, 715,696, 700,755
Stairs 497,841, 515,841, 497,851
Stairs 495,854, 495,872, 485,854
Stairs 465,852, 483,852, 465,841

; турникеты
BrushColor -1
Line 661,715, 641,715, 0.5
Line 604,742, 604,729, 0.5
Polygon 610,726, 609,720, 603,721, 604,727
PenColor 009900
Stairs 641,717, 640,713, 612,724
PenColor FF0000
Stairs 660,746, 660,750, 638,746

; кассы
PenColor 000000
BrushColor -1
Line 626,699, 626,691, 598,691, 598,699
AngleTextOut 0, Arial, 10, 600, 688, кассы

;стрелки
PenColor FF0000
Arrow 649,756, 649,768
PenColor 009900
Arrow 594,763, 594,750

; эскалатор  3 верт
PenColor 7F7F7F
Stairs 633,748, 609,748, 633,860
PenColor 000000
BrushColor 9B5509
Polygon 636,865, 636,742, 633,742, 633,865
Polygon 627,865, 627,742, 624,742, 624,865
Polygon 618,865, 618,742, 615,742, 615,865
Polygon 609,865, 609,742, 606,742, 606,865

; эскалатор  2 верт
PenColor 7F7F7F
Stairs 697,694, 682,694, 697,759
PenColor 000000
BrushColor 9B5509
Polygon 700,764, 700,689, 697,689, 697,764
Polygon 691,764, 691,689, 688,689, 688,764
Polygon 682,764, 682,689, 679,689, 679,764

;стрелки
PenColor FF0000
Arrow 514,815, 505,824, 505,836


===================================

; МЦД1

PenColor 000000
Line 716,651, 754,651, 754,542
Line 838,532, 842,532, 842,548, 874,548, 874,501
Line 914,501, 914,548, 949,548, 949,570, 954,570
Line 818,830, 818,774
Line 836,774, 836,830
Line 952,774, 952,830
Line 970,830, 970,774
Line 987,605, 1003,589

Line 716,651, 716,476, 758,476, 758,242, 810,242, 810,300, 815,300
Line 836,300, 954,300
Line 975,300, 1050,300, 1050,246, 1169,246, 1169,286
Line 1012,300, 1012,249
Line 1187,286, 1187,228, 1032,228, 1032,288, 1029,288, 1029,249
Line 1049,228, 1049,221
Line 1049,201, 1049,197, 975,197, 975,140
Line 954,140, 954,180, 836,180, 836,140
Line 815,140, 815,197, 725,197, 725,126, 702,126, 702,188, 708,194, 708,197, 704,197
Line 704,242, 708,242, 708,245, 702,251, 702,355
Line 1173,286, 1173,246, 0.5
Line 1036,287, 1036,247, 0.5
Line 1025,288, 1025,249, 0.5
Stairs 1187,284, 1173,284, 1187,246
Stairs 1050,285, 1036,285, 1050,248
Stairs 1012,251, 1025,251, 1012,288
Stairs 975,142, 954,142, 975,180
Stairs 836,142, 815,142, 836,180
Stairs 952,776, 970,776, 952,830
Stairs 818,776, 836,776, 818,830
Stairs 700,583, 716,583, 700,641
Stairs 738,257, 758,257, 738,320

Spline 754,542, 777,525, 797,515, 816,508
Spline 838,504, 856,502, 874,503
Spline 913,511, 933,519, 954,532
Spline 975,549, 987,562, 998,578, 1007,594
Spline 1020,634, 1022,650, 1023,666
Spline 1020,695, 1011,725, 995,755, 970,784
Spline 952,798, 931,810, 911,818
Spline 877,825, 856,826, 836,824
Spline 818,820, 784,807, 754,786
;Ellipse 750,555, 1076,880

PenColor F38F00
Railway 10, 14, 4, 935,127, 935,898
Railway 10, 14, 4, 863,130, 863,898

PenColor CCCCCC
Railway 10, 14, 4, 935,898, 927,1044, 909,1182
Railway 10, 14, 4, 863,898, 859,1065, 847,1182
Railway 10, 14, 4, 801,131, 800,1180
Railway 10, 14, 4, 1001,127, 1001,895, 993,1054, 971,1185

PenColor F38F00
BrushColor -1
AngleTextOut -90, Arial, 25, 1112, 444, Окружная (МЦД-1), 1
AngleTextOut -90, Arial, 15, 849, 834, Тимирязевская>>
AngleTextOut -90, Arial, 15, 972, 372, << Дегунино
AngleTextOut -90, Arial, 15, 837, 835, "МЦД-1, на Одинцово >>"
AngleTextOut -90, Arial, 15, 958, 373, "<< МЦД-1, на Лобню"

; кассы
PenColor 000000
BrushColor -1
Line 725,160, 732,160, 732,187, 725,187
AngleTextOut 90, Arial, 10, 721, 186, кассы

; эскалатор  2 верт
PenColor 7F7F7F
Stairs 833,298, 818,298, 833,359
PenColor 000000
BrushColor 9B5509
Polygon 836,362, 836,293, 833,293, 833,362
Polygon 827,362, 827,293, 824,293, 824,362
Polygon 818,362, 818,293, 815,293, 815,362

; эскалатор  2 верт
PenColor 7F7F7F
Stairs 972,298, 957,298, 972,359
PenColor 000000
BrushColor 9B5509
Polygon 975,362, 975,293, 972,293, 972,362
Polygon 966,362, 966,293, 963,293, 963,362
Polygon 957,362, 957,293, 954,293, 954,362

; эскалатор  2 верт
PenColor 7F7F7F
Stairs 735,258, 720,258, 735,319
PenColor 000000
BrushColor 9B5509
Polygon 738,322, 738,253, 735,253, 735,322
Polygon 729,322, 729,253, 726,253, 726,322
Polygon 720,322, 720,253, 717,253, 717,322

; эскалатор  2 верт
PenColor 7F7F7F
Stairs 835,475, 820,475, 835,536
PenColor 000000
BrushColor 9B5509
Polygon 838,539, 838,470, 835,470, 835,539
Polygon 829,539, 829,470, 826,470, 826,539
Polygon 820,539, 820,470, 817,470, 817,539

; эскалатор  2 верт
PenColor 7F7F7F
Stairs 972,512, 957,512, 972,573
PenColor 000000
BrushColor 9B5509
Polygon 975,576, 975,507, 972,507, 972,576
Polygon 966,576, 966,507, 963,507, 963,576
Polygon 957,576, 957,507, 954,507, 954,576

; турникеты
BrushColor -1
Polygon 866,238, 866,246, 857,246, 857,238
Line 918,242, 983,242, 983,300, 0.5
Line 855,242, 810,242, 0.5
Line 841,195, 950,195, 0.5
Line 991,666, 987,662, 1016,633, 1012,628, 0.5
Line 784,649, 784,522, 0.5
Line 784,695, 784,778, 817,778, 0.5
Line 837,797, 867,797, 867,777, 873,777, 0.5
Line 911,777, 952,777, 0.5
Stairs 817,193, 817,197, 842,193
Stairs 950,193, 950,197, 975,193
Stairs 870,240, 870,244, 919,240
Stairs 878,543, 878,548, 911,543
Stairs 876,780, 876,774, 909,780
Stairs 781,651, 787,651, 781,697
Stairs 986,607, 989,604, 1011,632
Stairs 990,668, 993,665, 1015,693

;лифт
PenColor 000000
BrushColor D0EFFF
Polygon 1165,228, 1165,214, 1180,214, 1180,228
BrushColor -1
AngleTextOut 0, Arial, 6, 1166, 218, лифт

;лифт
PenColor 000000
BrushColor D0EFFF
Polygon 702,297, 702,283, 717,283, 717,297
BrushColor -1
AngleTextOut 0, Arial, 6, 703, 287, лифт

;лифт
PenColor 000000
BrushColor D0EFFF
Polygon 767,549, 767,535, 782,535, 782,549
BrushColor -1
AngleTextOut 0, Arial, 6, 768, 539, лифт

; туалет
PenColor 000000
BrushColor -1
Polygon 759,549, 759,544, 764,544, 764,549
BrushColor -1
AngleTextOut 0, Arial, 6, 760, 543, Т

; кассы
PenColor 000000
BrushColor -1
Line 914,515, 922,515, 922,543, 914,543
AngleTextOut 90, Arial, 10, 911, 541, кассы



;туалет
PenColor 000000
BrushColor FFFFFF
Polygon 702,336, 702,329, 709,329, 709,336
BrushColor -1
AngleTextOut 0, Arial, 6, 704, 329, Т

==========================
; МЦК

;Пути
PenColor DE7272
;BrushColor DE7272
Line 175,-20, 458,263, 20
Line 190,-35, 473,248, 20
PenColor D56060
Dashed 175,-20, 458,263, 13
Dashed 190,-35, 473,248, 13

PenColor 000000
BrushColor -1
Line 494,385, 466,357, 476,347, 591,462, 616,437, 160,-19, 135,6, 459,330, 449,340, 431,322, 418,335, 481,398
Line 679,645, 679,651, 675,651
Line 621,274, 702,355
Polygon 651,360, 216,-75, 191,-50, 626,385
Line 570,407, 559,396, 550,405, 561,416
Stairs 480,397, 493,384, 454,371
Stairs 625,278, 612,291, 652,305
Stairs 569,406, 560,415, 560,397


BrushColor -1
PenColor DE7272
AngleTextOut -45, Arial, 25, 353, 7, Окружная (МЦК), 1
AngleTextOut -45, Arial, 20, 207, -64, << Лихоборы
AngleTextOut -45, Arial, 20, 374, 188, Владыкино >>

; эскалатор 2 45
PenColor 7F7F7F
Stairs 597,339, 605,331, 560,302
PenColor 000000
BrushColor 9B5509
Polygon 608,334, 565,291, 567,289, 610,332
Polygon 605,337, 562,294, 560,296, 603,339
Polygon 600,342, 557,299, 555,301, 598,344

; эскалатор 2 45
PenColor 7F7F7F
Stairs 541,395, 549,387, 504,358
PenColor 000000
BrushColor 9B5509
Polygon 552,390, 509,347, 511,345, 554,388
Polygon 549,393, 506,350, 504,352, 547,395
Polygon 544,398, 501,355, 499,357, 542,400

; эскалатор  2 верт
PenColor 7F7F7F
Stairs 697,581, 682,581, 697,642
PenColor 000000
BrushColor 9B5509
Polygon 700,645, 700,576, 697,576, 697,645
Polygon 691,645, 691,576, 688,576, 688,645
Polygon 682,645, 682,576, 679,576, 679,645

; турникеты
PenColor 009900
Stairs 446,296, 449,299, 436,306
PenColor FF0000
Stairs 449,293, 452,296, 460,282

; кассы
PenColor 000000
BrushColor -1
Line 454,335, 436,317, 431,322
AngleTextOut -45, Arial, 10, 439, 315, кассы

Opaque 80
; метро
PenColor FFFFFF
BrushColor FFFFFF
Polygon 636,769, 636,756, 629,760, 621,762, 613,760, 606,755, 605,787, 637,787
Polygon 481,841, 525,841, 525,822, 481,822
Polygon 653,1203, 693,1203, 693,1234, 653,1234
Polygon 596,459, 564,427, 592,399, 592,345, 596,348, 614,330, 669,385

;МЦД


;Polygon 991,199, 1034,199, 1034,971, 991,971, 991,199
;Polygon 854,199, 894,199, 894,971, 854,971, 854,199

Polygon 943,152, 986,152, 986,352, 943,352
Polygon 806,352, 806,152, 846,152, 846,352
Polygon 943,518, 986,518, 986,818, 943,818
Polygon 806,481, 846,481, 846,818, 806,818

; пути
PenColor F6A800
Line 930,133, 930,889, 20
Line 858,135, 858,890, 20

Opaque 100

; верхний уровень

; метро

PenColor 000000
Line 554,787, 715,787, 715,681, 754,681, 754,786
Line 604,769, 638,769
Line 621,761, 621,769, 0.5
Line 606,742, 604,742, 604,754
Line 638,754, 638,742, 636,742
Spline 605,754, 621,761, 638,754
Stairs 485,822, 485,840, 495,822
Line 535,865, 535,822, 465,822
Line 497,840, 517,840, 517,864
Line 646,1203, 710,1203, 726,1187, 764,1225
Line 582,1269, 591,1269, 591,1167, 599,1167, 599,1234, 715,1234, 735,1254

BrushColor D0D0D0
Polygon 648,1216, 648,1221, 718,1221, 725,1214, 721,1210, 715,1216

;лифт
PenColor 000000
BrushColor D0EFFF
Polygon 483,854, 483,840, 497,840, 497,854
BrushColor -1
AngleTextOut 0, Arial, 6, 484, 843, лифт
Stairs 535,843, 517,843, 535,861

; МЦД
Line 943,126, 986,126, 986,898, 943,898, 943,126
Line 806,126, 846,126, 846,898, 806,898, 806,126

;лифт
PenColor 000000
BrushColor D0EFFF
Polygon 950,256, 950,242, 965,242, 965,256
BrushColor -1
AngleTextOut 0, Arial, 6, 951, 246, лифт

;лифт
PenColor 000000
BrushColor D0EFFF
Polygon 818,256, 818,242, 833,242, 833,256
BrushColor -1
AngleTextOut 0, Arial, 6, 819, 246, лифт

;лифт
PenColor 000000
BrushColor D0EFFF
Polygon 823,696, 823,682, 838,682, 838,696
BrushColor -1
AngleTextOut 0, Arial, 6, 824, 686, лифт

;лифт
PenColor 000000
BrushColor D0EFFF
Polygon 956,696, 956,682, 971,682, 971,696
BrushColor -1
AngleTextOut 0, Arial, 6, 957, 686, лифт



; МЦК

Line 606,328, 609,325, 691,407, 691,370, 608,287
Line 626,351, 615,340, 606,349, 617,360
Line 594,340, 592,342, 592,399, 581,410, 552,381, 550,383
Line 537,396, 535,398, 613,476, 679,476, 679,576
Stairs 625,350, 616,359, 616,341

;лифт
PenColor 000000
BrushColor D0EFFF
Polygon 633,374, 623,364, 633,354, 643,364
BrushColor -1
AngleTextOut -45, Arial, 6, 632, 357, лифт

;лифт
PenColor 000000
BrushColor D0EFFF
Polygon 597,452, 587,442, 597,432, 607,442
BrushColor -1
AngleTextOut -45, Arial, 6, 595, 435, лифт

; турникеты
Line 633,394, 630,397, 625,397, 0.5
PenColor 009900
Stairs 596,395, 596,399, 625,395
PenColor FF0000
Stairs 632,391, 635,394, 653,370


; Названия улиц голубым
PenColor 00AFAF
BrushColor -1
AngleTextOut -45, Arial, 15, 391, 358, Станционная улица
AngleTextOut -45, Arial, 15, 1125, 600, Станционная улица
AngleTextOut -90, Arial, 15, 1073, 713, Гостиничный проезд
AngleTextOut -90, Arial, 15, 1057, 1492, Гостиничный проезд
AngleTextOut -90, Arial, 15, 596, 517, Локомотивный проезд
AngleTextOut 0, Arial, 15, 272, 903, 3-й Нижнелихоборский проезд

Angle -10

; Выходы
PenColor FFD900
BrushColor 615F56
SpotRect 1047, 1516, 30, 30, ShowMessage Выход №1
SpotRect 533, 897, 30, 30
SpotRect 625, 645, 30, 30
SpotRect 827, 421, 30, 30
SpotRect 1005, 557, 30, 30
SpotRect 888, 778, 30, 30
SpotRect 1040, 185, 30, 30
SpotRect 925, 93, 30, 30
SpotRect 571, 195, 30, 30
SpotRect 529, 245, 30, 30
SpotRect 430, 426, 30, 30

BrushColor -1
AngleTextOut 0, Arial, 25, 1055, 1518, 1
AngleTextOut 0, Arial, 25, 541, 898, 2
AngleTextOut 0, Arial, 25, 633, 646, 3
AngleTextOut 0, Arial, 25, 835, 422, 4
AngleTextOut 0, Arial, 25, 1013, 558, 5
AngleTextOut 0, Arial, 25, 896, 779, 6
AngleTextOut 0, Arial, 25, 1048, 186, 7
AngleTextOut 0, Arial, 25, 933, 94, 8
AngleTextOut 0, Arial, 25, 579, 196, 9
AngleTextOut 0, Arial, 25, 531, 246, 10
AngleTextOut 0, Arial, 25, 432, 427, 11
