Size 610x660

Angle -45

; пути

PenColor 000000
BrushColor DE64A1
Polygon 201,349, 201,319, 651,319, 651,349
Polygon 201,382, 201,352, 651,352, 651,382

PenColor DE64A1
BrushColor -1
AngleTextOut 0, Arial, 20, 378, 297, << Стахановская
AngleTextOut 0, Arial, 20, 453, 382, Юго-Восточная>>
PenColor 000000
AngleTextOut 0, Arial, 25, 459, 323, Окская, 1
PenColor FFFFFF
AngleTextOut 0, Arial, 25, 458, 322, Окская, 1

PenColor 000000
Line 201,349, 201,352
Line 651,349, 651,352

;инфосос
PenColor 34349C
BrushColor 34349C
Polygon 426,286, 429,286, 429,285, 426,285
Polygon 438,415, 441,415, 441,414, 438,414
PenColor FF0000
BrushColor FF0000
Polygon 423,286, 426,286, 426,285, 423,285
Polygon 435,415, 438,415, 438,414, 435,414


;правый вестибюль

PenColor 000000
Line 611,301, 651,301, 651,400, 611,400
Line 349,283, 678,283, 678,302, 687,302, 687,398, 678,398, 678,418, 430,418, 430,437, 349,437, 349,418, 265,418, 265,400
Stairs 649,283, 649,301, 612,283
Stairs 649,418, 649,400, 611,418

;инфосос
PenColor 34349C
BrushColor 34349C
Polygon 682,349, 682,353, 683,353, 683,349
PenColor FF0000
BrushColor FF0000
Polygon 682,345, 682,349, 683,349, 683,345


; левый вестибюль

; нмжний уровень
PenColor 000000
Line 259,237, 344,237, 344,283
Line 331,255, 331,283
Line 201,382, 201,400, 208,400, 208,418, 265,418
Line 287,400, 218,400, 218,402, 225,402, 225,404
Line 201,319, 201,301, 156,301
Line 156,290, 201,290, 201,281
Stairs 293,237, 293,255, 331,237
Stairs 289,418, 289,400, 327,418

;стрелки
PenColor FF0000
Arrow 336,287, 336,247, 321,247
Arrow 213,398, 213,410, 221,410

; верхний прозрачный уровень
Opaque 80
PenColor FFFFFF
BrushColor FFFFFF
Polygon 349,281, 372,281, 372,384, 349,384
Polygon 286,297, 265,296, 265,401, 287,401
Polygon 330,260, 345,260, 345,278, 330,278
Polygon 200,404, 225,404, 225,416, 200,416
Polygon 185,290, 156,290, 156,301, 185,301
PenColor 000000
BrushColor D0D0D0
Polygon 349,260, 349,255, 287,255, 287,260
Polygon 287,283, 287,278, 349,278, 349,283
Polygon 156,303, 156,288, 138,288, 138,303
Line 162,288, 163,288, 163,291
Line 163,299, 163,303, 156,303
PenColor D0D0D0
Line 157,288, 161,288, 0.5
Line 163,292, 163,298, 0.5

Opaque 100

; верхний уровень
PenColor 000000
Line 327,301, 287,301, 287,400, 327,400, 330,400, 330,397
Line 225,301, 265,301, 265,301, 265,400
Line 105,425, 105,418, 123,400, 170,400, 170,416, 225,416
Line 225,404, 199,404, 199,386, 184,386, 184,281
Line 349,418, 349,283
Line 412,418, 372,418, 372,260, 349,260
Line 53,307, 80,307
Line 53,360, 80,360
Line 93,334, 121,334
Line 34,364, 93,364, 93,425
Line 53,325, 80,325
Line 53,343, 80,343
Line 187,237, 93,237, 93,303, 34,303
Stairs 57,307, 57,360, 78,307
Stairs 38,364, 38,303, 47,364

Stairs 374,418, 374,437, 412,418
Stairs 289,283, 289,301, 327,283
Stairs 263,283, 263,301, 225,283

BrushColor D0D0D0
Polygon 121,331, 121,337, 156,337, 156,331
Polygon 184,331, 184,337, 177,337, 177,331
Polygon 225,283, 225,281, 265,281, 265,283
Polygon 93,337, 93,331, 87,331, 87,337

; эскалатор 4
PenColor 7F7F7F
Stairs 182,241, 182,277, 255,241
PenColor 000000
BrushColor 9B5509
Polygon 259,237, 179,237, 179,241, 259,241
Polygon 259,247, 179,247, 179,251, 259,251
Polygon 259,257, 179,257, 179,261, 259,261
Polygon 259,267, 179,267, 179,271, 259,271
Polygon 259,277, 179,277, 179,281, 259,281

;лифты
PenColor 000000
BrushColor D0EFFF
Polygon 237,404, 225,404, 225,416, 237,416
Polygon 156,290, 145,290, 145,301, 156,301
Polygon 93,425, 93,436, 105,436, 105,425
BrushColor -1
AngleTextOut 0, Arial, 4, 95, 428, лифт
AngleTextOut 0, Arial, 4, 227, 407, лифт
AngleTextOut 0, Arial, 4, 146, 293, лифт
PenColor A0A0A0
Line 93,436, 93,438, 91,438, 91,433
Line 105,436, 105,447, 81,447, 81,433
Line 62,502, 61,505, 40,497, 44,486, 0.5

;;кассы
PenColor 000000
BrushColor -1
Polygon 193,379, 193,346, 184,346, 184,379
AngleTextOut 90, Arial, 10, 180, 374, кассы
Line 149,314, 149,303
Line 152,321, 152,331
Line 179,259, 169,264, 162,275, 162,288, 0.5
Line 141,271, 141,288
      
;турникеты
Polygon 154,314, 147,314, 147,321, 154,321
PenColor FF0000
Stairs 140,241, 145,241, 140,271
PenColor 009900
Stairs 159,315, 159,320, 182,315
PenColor 000000
Stairs 186,398, 190,398, 186,389
Line 188,398, 188,416

;стрелки
PenColor FF0000
Arrow 385,428, 360,428, 360,413
Arrow 116,276, 116,291
Arrow 309,269, 294,269
PenColor 009900
Arrow 115,351, 129,351
Arrow 315,409, 338,409, 338,394
Arrow 319,292, 330,292
Arrow 237,293, 224,293

; вне станции

PenColor 000000
Line 34,303, 34,224, 283,224, 300,230, 321,172
Line 305,165, 290,206, 178,206, 118,103, 168,74, 169,76, 128,100
Line 308,166, 293,207, 0.5
Line 134,110, 191,77, 179,56, 58,126
Line 67,142, 107,119, 130,159, 94,180
Line 96,184, 131,163, 0.5
Line 103,196, 139,175, 157,206, 16,206, 16,394, 57,463, 45,496
Line 62,502, 81,450, 67,446, 34,386, 34,364
Line 140,147, 130,130, 0.5
Line 48,495, 58,468, 0.5
Stairs 63,498, 49,493, 72,474
Stairs 105,195, 98,183, 137,176
Stairs 60,125, 69,141, 93,106
Stairs 320,174, 307,169, 307,210
Stairs 124,147, 136,140, 119,139

;; Названия улиц голубым
PenColor 00AFAF
BrushColor -1
AngleTextOut 30, Arial, 15, -57, 227, Рязанский проспект
AngleTextOut 70, Arial, 15, 87, 520, Окская улица
AngleTextOut 30, Arial, 15, 220, 157, станция метро ''Рязанский проспект >>''

Angle 45

; Выходы
PenColor FFD900
BrushColor 615F56
SpotRect -1, 219, 30, 30, ShowMessage Выход №1
SpotRect 227, 58, 30, 30
SpotRect 237, 1, 30, 30
SpotRect 401, 246, 30, 30
BrushColor -1
TextOut Arial, 25, 7, 222, 1
TextOut Arial, 25, 235, 59, 2
TextOut Arial, 25, 245, 2, 3
TextOut Arial, 25, 409, 247, 4
