Size 460x670

Angle -60

; ====================================================

; МЦК береговая

PenColor EEEEEE
BrushColor EEEEEE
;PenColor FF0000
Polygon 378,511, 378,565, 414,565, 414,606, 449,606, 449,559, 428,559, 426,511
Polygon 328,286, 328,238, 379,238, 379,238, 449,238, 449,242, 452,242, 452,254, 449,254, 449,265, 352,265, 352,284, 379,284, 379,322, -129,322, -129,297, 297,297, 297,308, 347,308, 347,284
Polygon 494,390, 494,364, -129,364, -129,390

PenColor 000000
Line 424,490, 426,490, 426,511, 426,586, 428,586
Line 414,565, 414,563, 393,563

; кассы
PenColor 000000
BrushColor -1
Line 368,238, 368,230, 340,230, 340,238
AngleTextOut 0, Arial, 10, 342, 227, кассы

; туалет
PenColor 000000
BrushColor 99FF99
Polygon 426,511, 435,511, 435,520, 426,520
BrushColor -1
AngleTextOut 0, Arial, 10, 428, 510, Т

; туалет
PenColor 000000
BrushColor 99FF99
Polygon 435,265, 444,265, 444,274, 435,274
BrushColor -1
AngleTextOut 0, Arial, 10, 437, 264, Т

;инфосос
PenColor 94949C
BrushColor 94949C
Polygon 209,377, 209,373, 207,373, 207,377
PenColor FF0000
BrushColor FF0000
Polygon 209,381, 209,377, 207,377, 207,381

;инфосос
PenColor 94949C
BrushColor 94949C
Polygon -13,378, -13,374, -15,374, -15,378
PenColor FF0000
BrushColor FF0000
Polygon -13,382, -13,378, -15,378, -15,382
;инфосос
PenColor 94949C
BrushColor 94949C
Polygon 209,309, 209,305, 207,305, 207,309
PenColor FF0000
BrushColor FF0000
Polygon 209,313, 209,309, 207,309, 207,313

;инфосос
PenColor 94949C
BrushColor 94949C
Polygon -13,310, -13,306, -15,306, -15,310
PenColor FF0000
BrushColor FF0000
Polygon -13,314, -13,310, -15,310, -15,314


PenColor 000000
Line -129,390, -129,364, 488,364
Line 488,390, -129,390

Line 383,265, 449,265
Line 433,217, 452,217, 452,242, 449,242, 0.5
Line 449,238, 394,238, 394,236
Line 379,238, 328,238, 328,265, 326,265


Opaque 80
PenColor FFFFFF
BrushColor FFFFFF
;PenColor FF0000
Polygon 378,565, 378,501, 414,501, 414,490, 449,490, 449,559, 428,559, 428,565
Polygon 386,395, 386,360, 488,360, 488,395
Polygon 449,289, 379,284, 379,221, 449,221
Opaque 100

PenColor 000000
Line 386,387, 386,395, 424,395, 424,490, 404,490, 404,488
Line 387,488, 387,490, 378,490, 378,550
Line 378,563, 378,565, 428,565
Line 393,548, 414,548
Line 414,545, 414,551
Line 396,507, 396,536, 378,536, 378,501, 414,501
Line 414,534, 414,491
Line 386,368, 386,360, 424,360, 424,284, 383,284
Line 414,565, 414,606, 428,606, 428,608
Line 447,608, 447,606, 449,606, 449,407, 523,407, 523,347, 449,347, 449,221, 379,221, 379,264
Line 449,265, 449,265
Line 449,254, 452,254, 452,291, 0.5
Line 464,291, 464,204, 433,204, 0.5
Line 426,238, 407,238, 407,221, 434,221, 434,254, 409,254
Line 509,364, 488,364, 488,390, 509,390
Line 340,284, 328,284, 328,281, 326,281
Stairs 409,221, 409,238, 426,221
Stairs 424,254, 424,238, 411,254
Stairs 435,204, 435,217, 441,204
Stairs 508,347, 508,364, 490,347
Stairs 508,407, 508,390, 490,407
Stairs 506,390, 506,364, 488,390
Stairs 378,534, 396,534, 378,507
Stairs 414,532, 396,532, 414,507

BrushColor D0D0D0
Polygon 474,384, 474,387, 449,387, 449,366, 474,366, 474,369, 452,369, 452,384
Polygon 341,265, 341,262, 347,262, 347,265

; турникеты
PenColor 009900
Stairs 415,376, 419,376, 415,361
Stairs 456,404, 460,404, 456,386
Stairs 361,299, 361,295, 347,299
PenColor FF0000
Stairs 415,380, 419,380, 415,394
Stairs 456,351, 460,351, 456,364
Stairs 365,295, 365,299, 379,295

;стрелки
;PenColor FF0000
;Arrow 666,291, 680,291
PenColor 009900
Arrow 340,270, 336,270, 336,255, 355,255, 355,263


; эскалатор 2 гор
PenColor 7F7F7F
Stairs 346,268, 346,281, 379,268
PenColor 000000
BrushColor 9B5509
Polygon 383,268, 341,268, 341,265, 383,265
Polygon 383,273, 383,276, 341,276, 341,273
Polygon 383,281, 341,281, 341,284, 383,284

; эскалатор 2 гор
PenColor 7F7F7F
Stairs 353,371, 353,384, 388,371
PenColor 000000
BrushColor 9B5509
Polygon 392,371, 348,371, 348,368, 392,368
Polygon 392,376, 392,379, 348,379, 348,376
Polygon 392,384, 348,384, 348,387, 392,387

; эскалатор 2 верт
PenColor 7F7F7F
Stairs 431,581, 444,581, 431,546
PenColor 000000
BrushColor 9B5509
Polygon 431,542, 431,586, 428,586, 428,542
Polygon 436,542, 439,542, 439,586, 436,586
Polygon 444,542, 444,586, 447,586, 447,542

; кассы
PenColor 000000
BrushColor -1
Line 414,572, 406,572, 406,600, 414,600
AngleTextOut 90, Arial, 10, 403, 598, кассы

;лифт
PenColor 000000
BrushColor D0EFFF
Polygon 379,236, 379,221, 394,221, 394,236
BrushColor -1
AngleTextOut 0, Arial, 6, 380, 225, лифт

;лифт
PenColor 000000
BrushColor D0EFFF
Polygon 378,563, 378,548, 393,548, 393,563
BrushColor -1
AngleTextOut 0, Arial, 6, 379, 552, лифт

;лифт
PenColor 000000
BrushColor D0EFFF
Polygon 452,384, 452,369, 467,369, 467,384
BrushColor -1
AngleTextOut 0, Arial, 6, 453, 373, лифт


;Пути
PenColor DE7272
Line 236,332, -119,332, 20
Line 287,354, -68,354, 20
PenColor D56060
Dashed 236,332, -119,332, 13
Dashed 287,354, -68,354, 13

PenColor 000000
Line -129,322, -129,297, 297,297, 297,308, 347,308, 347,285
Line 379,284, 379,322, -129,322
Line 298,319, 324,319, 0.5
Stairs 310,319, 310,308, 300,319

BrushColor -1
PenColor DE7272
AngleTextOut 0, Arial, 20, -128, 299, << Стрешнево
AngleTextOut 0, Arial, 20, 248, 362, Зорге >>
PenColor 000000
AngleTextOut 0, Arial, 25, -49, 325, Панфиловская (МЦК), 1
PenColor FFFFFF
AngleTextOut 0, Arial, 25, -50, 324, Панфиловская (МЦК), 1

; Названия улиц голубым
PenColor 00AFAF
BrushColor -1
AngleTextOut 90, Arial, 15, 537, 209, улица Алабяна
AngleTextOut 90, Arial, 15, 543, 643, улица Народного ополчения
AngleTextOut 0, Arial, 15, 250, 177, улица Панфилова
AngleTextOut 90, Arial, 15, 357, 681, '<< к метро "Октябрьское Поле"'


; ====================================================

Angle 60

; Выходы
PenColor FFD900
BrushColor 615F56
SpotRect 45, 633, 30, 30, ShowMessage Выход №1
SpotRect 327, 342, 30, 30
BrushColor -1
TextOut Arial, 25, 53, 634, 1
TextOut Arial, 25, 335, 343, 2

