Size 1150x900

;================================
vtnhj

; пути

BrushColor 34349C
Polygon 680,537, 680,507, 1130,507, 1130,537
Polygon 680,711, 680,681, 1130,681, 1130,711

BrushColor D0D0D0
Polygon 693,624, 693,594, 1130,594, 1130,624

PenColor 34349C
BrushColor -1
AngleTextOut 0, Arial, 20, 684, 487, << Семёновская
AngleTextOut 0, Arial, 20, 982, 712, Измайловская >>
AngleTextOut 0, Arial, 25, 850, 563, Партизанская, 1
PenColor 00AFAF

; левый вестибюль

;Здания беж
PenColor DDDDDD
BrushColor FEFBF1
Polygon 428,520, 648,520, 648,697, 428,697

PenColor 000000
Line 680,681, 680,675, 693,675
Line 693,675, 693,624
Line 693,633, 739,633
Line 693,594, 693,543
Line 693,584, 739,584
Line 693,543, 680,543, 680,537
Line 477,520, 477,520, 456,520, 456,554, 437,554, 437,682, 456,682, 456,697, 477,697
Line 477,522, 456,522
Line 477,695, 456,695
Stairs 739,633, 739,661, 722,633
Stairs 739,584, 739,556, 722,584
Stairs 555,668, 555,690, 586,668
Stairs 504,690, 504,668, 535,690
Stairs 528,661, 528,633, 558,661
Stairs 606,661, 606,633, 573,661
Stairs 606,584, 606,556, 573,584
Stairs 559,584, 559,556, 528,584
Stairs 586,549, 586,527, 555,549
Stairs 535,549, 535,527, 504,549

BrushColor BBBBBB
Line 739,556, 693,556
Line 739,661, 693,661
Polygon 641,651, 641,690, 477,690, 477,697, 648,697, 648,651
Polygon 641,636, 641,620, 648,620, 648,636
Polygon 641,598, 641,581, 648,581, 648,598
Polygon 648,566, 641,566, 641,527, 477,527, 477,520, 648,520
Polygon 484,661, 484,653, 477,653, 477,668, 612,668, 612,549, 477,549, 477,564, 484,564, 484,556, 606,556, 606,661
Polygon 606,633, 523,633, 523,584, 606,584
Polygon 477,636, 477,581, 484,581, 484,591, 508,591, 508,626, 484,626, 484,636
Polygon 456,697, 428,697, 428,520, 456,520, 456,554, 437,554, 437,682, 456,682

; кассы
BrushColor FFFFFF
Polygon 437,622, 428,622, 428,595, 437,595
BrushColor -1
;Line 164,442, 154,442, 154,471
AngleTextOut 90, Arial, 10, 426, 621, кассы

; турникеты
BrushColor -1
Line 477,632, 463,632, 0.5
Polygon 469,557, 474,558, 475,553, 470,552
PenColor 009900
Stairs 468,561, 472,562, 462,581
Stairs 461,585, 465,585, 461,630

; стрелки
PenColor FF0000
Arrow 488,645, 468,645, 468,677, 484,677
Line 705,576, 694,576
Arrow 605,576, 583,576
Line 705,652, 694,652
Arrow 605,652, 586,652
Arrow 604,679, 626,679, 626,644, 652,644
Arrow 637,612, 650,612
PenColor 009900
Arrow 463,570, 478,574
Arrow 500,564, 523,564
Arrow 517,622, 517,640, 530,640
Arrow 650,605, 637,605
Arrow 652,570, 626,570, 626,539, 607,539


; правый вестибюль

PenColor 000000
Line 1130,537, 1130,594
Line 1130,624, 1130,681


; Названия улиц голубым
PenColor 00AFAF
BrushColor -1
AngleTextOut 0, Arial, 15, 600, 743, Измайловское шоссе
AngleTextOut -90, Arial, 15, 462, 805, Народный проспект
AngleTextOut 0, Arial, 15, 590, 817, Измайловский парк

PenColor 000000
AngleTextOut 0, Arial, 8, 620, 578, вход
AngleTextOut 0, Arial, 8, 616, 634, выход

Opaque 10
; стрелки
PenColor FF0000
Line 694,576, 605,576
Line 694,652, 605,652

Opaque 100

;================================
; МЦК береговая

;Пути
PenColor DE7272
Line 95,32, 95,387, 20
Line 117,32, 117,387, 20
PenColor D56060
Dashed 95,32, 95,387, 13
Dashed 117,32, 117,387, 13
PenColor 000000
Line 174,397, 127,397, 127,22, 174,22, 174,397
Line 85,397, 38,397, 38,22, 85,22, 85,397

BrushColor -1
PenColor DE7272
AngleTextOut 90, Arial, 20, 62, 396, << Соколиная Гора
AngleTextOut 90, Arial, 20, 124, 156, Локомотив >>
PenColor 000000
AngleTextOut 90, Arial, 25, 88, 317, Измайлово (МЦК), 1
PenColor FFFFFF
AngleTextOut 90, Arial, 25, 87, 318, Измайлово (МЦК), 1

;================================

; Выходы
PenColor FFD900
BrushColor 615F56
SpotRect 655, 593, 30, 30, ShowMessage Выход №1
BrushColor -1
TextOut Arial, 25, 663, 594, 1
