Size 1400x1200
;Image Pechatniki1.png

Angle -30

;Пути
BrushColor 7CBC54
Polygon 145,746, 595,746, 595,776, 145,776
Polygon 145,856, 595,856, 595,886, 145,886

Opaque 80
PenColor FFFFFF
BrushColor FFFFFF
Polygon 304,746, 304,778, 327,778, 327,746
Opaque 100

BrushColor -1
PenColor 7CBC54
AngleTextOut 0, Arial, 20, 335, 719, << Кожуховская
AngleTextOut 0, Arial, 20, 490, 886, Волжская >>
AngleTextOut 0, Arial, 25, 429, 800, Печатники, 1
PenColor 000000

;инфосос
PenColor 34349C
BrushColor 34349C
Polygon 370,815, 370,811, 371,811, 371,815
PenColor FF0000
BrushColor FF0000
Polygon 370,819, 370,815, 371,815, 371,819


; правый вестибюль

PenColor 000000
Line 636,843, 636,869, 678,869, 678,934, 684,934
Line 595,856, 595,843, 642,843
Line 595,776, 595,788, 642,788
Line 636,788, 636,768, 678,768, 678,762, 806,762, 806,934, 800,934
Line 709,934, 715,934, 715,903, 721,903, 721,1009, 630,1009, 630,975, 569,975
Line 569,1001, 609,1001, 609,1034, 675,1034, 675,1110, 633,1110
Line 633,1134, 912,1134
Line 912,1110, 792,1110, 792,1034, 862,1034, 862,1000, 904,1000
Line 904,979, 840,979, 840,1010, 763,1010, 763,903, 769,903, 769,934, 775,934
Stairs 597,788, 597,843, 643,788
Stairs 721,906, 763,906, 721,939
Stairs 571,975, 571,1001, 608,975
Stairs 635,1009, 635,1034, 673,1009
Stairs 635,1110, 635,1134, 673,1110
Stairs 796,1010, 796,1034, 834,1010
Stairs 902,979, 902,1000, 864,979
Stairs 910,1110, 910,1134, 872,1110

BrushColor D0D0D0
Polygon 714,877, 723,877, 723,886, 714,886
Polygon 761,877, 770,877, 770,886, 761,886

; кассы
BrushColor -1
Line 806,777, 815,777, 815,807, 806,807
AngleTextOut 90, Arial, 10, 804, 804, кассы

; турникеты
Line 743,762, 743,782
Polygon 740,838, 746,838, 746,844, 740,844
Line 688,841, 678,841, 678,869
PenColor 009900
Stairs 745,782, 741,782, 745,835
PenColor FF0000
Stairs 736,839, 736,843, 687,839

; левый переход
PenColor 000000
Line 187,723
Line 187,692, 183,692, 183,670
Line 355,829, 276,829
Line 355,807, 327,807, 327,723, 240,723
Stairs 279,807, 279,829, 301,807
Stairs 352,807, 352,829, 330,807

; эскалатор 4 верт
PenColor 7F7F7F
Stairs 190,721, 237,721, 190,694
PenColor 000000
BrushColor 9B5509
Polygon 187,727, 187,690, 190,690, 190,727
Polygon 198,727, 198,690, 203,690, 203,727
Polygon 211,727, 211,690, 216,690, 216,727
Polygon 224,727, 224,690, 229,690, 229,727
Polygon 237,727, 237,690, 240,690, 240,727

; левый вестибюль
Line 145,776, 145,787, 113,787, 113,739, 304,739, 304,807, 276,807
Line 145,856, 145,844, 113,844, 113,862, 125,862, 125,895, 117,895
Line 76,895, 69,895, 69,862, 76,862, 76,723, 187,723
Stairs 115,787, 115,844, 144,787
Line 69,895, 55,923
Line 125,895, 139,923
Stairs 67,899, 127,899, 55,923
Stairs 127,899, 67,899, 139,923

; кассы
BrushColor -1
Line 76,778, 67,778, 67,809, 76,809
AngleTextOut 90, Arial, 10, 64, 806, кассы

; турникеты
BrushColor -1
Line 99,846, 99,888
Line 97,765, 97,723
Polygon 99,846, 99,837, 90,837, 90,846
PenColor 009900
Stairs 95,765, 99,765, 94,835
PenColor FF0000
Stairs 102,884, 102,888, 124,884

; стрелки
PenColor FF0000
Arrow 107,858, 107,875
PenColor 009900
Arrow 83,875, 83,858


;инфосос
PenColor 34349C
BrushColor 34349C
Polygon 772,765, 776,765, 776,766, 772,766
PenColor FF0000
BrushColor FF0000
Polygon 768,765, 772,765, 772,766, 768,766


;Улицы голубым
PenColor 00AFAF
BrushColor -1
AngleTextOut 90, Arial, 15, 721, 1228, ул. Шоссейная
AngleTextOut 0, Arial, 15, 473, 1059, ул. Гурьянова
AngleTextOut 0, Arial, 15, 948, 1037, ул. Полбина
AngleTextOut -60, Arial, 15, 1184, 53, ул. Люблинская

; стрелки
PenColor FF0000
Arrow 697,926, 697,949
Arrow 732,956, 732,980
Arrow 714,819, 714,833
PenColor 009900
Arrow 788,943, 788,921
Arrow 753,979, 753,954
Arrow 775,808, 755,808

; Выходы
Angle 30
PenColor FFD900
BrushColor 615F56
SpotRect 724, 241, 30, 30
SpotRect 11, 594, 30, 30
SpotRect 481, 862, 30, 30
SpotRect 688, 1051, 30, 30
SpotRect 375, 817, 30, 30
SpotRect 625, 1108, 30, 30
SpotRect 348, 1050, 30, 30
SpotRect 882, 642, 30, 30
SpotRect 1007, 538, 30, 30
SpotRect 1362, 595, 30, 30
BrushColor -1
TextOut Arial, 25, 732, 242, 1
TextOut Arial, 25, 19, 595, 2
TextOut Arial, 25, 489, 863, 3
TextOut Arial, 25, 696, 1052, 4
TextOut Arial, 25, 381, 818, 5
TextOut Arial, 25, 631, 1109, 6
TextOut Arial, 25, 356, 1051, 7
TextOut Arial, 25, 890, 643, 8
TextOut Arial, 25, 1015, 539, 9
TextOut Arial, 25, 1365, 596, 10

;Улицы голубым
PenColor 00AFAF
BrushColor -1
Line 514,911, 459,879, 598,637, 922,637, 936,676
Line 738,294, 649,352, 771,539, 971,539, 983,572

; ====================================================

Angle 33

;Пути
PenColor 000000
BrushColor 30D5C8
Polygon 465,206, 465,176, 915,176, 915,206
Polygon 465,239, 465,209, 915,209, 915,239

BrushColor -1
PenColor 30D5C8
AngleTextOut 0, Arial, 20, 472, 151, << Нагатинский затон
AngleTextOut 0, Arial, 20, 757, 238, Текстильщики >>
PenColor 000000
AngleTextOut 0, Arial, 25, 634, 188, Печатники, 1
PenColor FFFFFF
AngleTextOut 0, Arial, 25, 633, 187, Печатники, 1


PenColor 000000
Line 465,147, 915,147, 915,150
Line 915,171, 915,176
Line 915,265, 915,268, 465,268
Line 915,239, 915,244
Line 906,150, 906,150, 944,150, 944,142, 960,142, 960,145
Line 991,145, 991,142, 1064,142, 1064,218, 1056,218
Line 1056,341, 1059,341, 1059,377, 955,377, 955,373, 949,373
Line 949,345, 955,345, 955,341, 1016,341
Line 972,172, 972,265, 906,265
Line 906,244, 943,244, 943,171, 906,171
Line 991,172, 991,218, 1016,218
Line 423,147, 423,144, 402,144, 402,171
Line 423,268, 423,271, 402,271, 402,235

Stairs 909,265, 909,244, 940,265
Stairs 909,150, 909,171, 940,150

; эскалатор 3 гор
PenColor 7F7F7F
Stairs 989,169, 989,148, 964,169
PenColor 000000
BrushColor 9B5509
Polygon 996,148, 959,148, 959,145, 996,145
Polygon 996,156, 996,161, 959,161, 959,156
Polygon 996,169, 959,169, 959,172, 996,172

; эскалатор 3 верт
PenColor 7F7F7F
Stairs 1019,341, 1056,341, 1019,212
PenColor 000000
BrushColor 9B5509
Polygon 1016,347, 1016,207, 1019,207, 1019,347
Polygon 1027,347, 1027,207, 1032,207, 1032,347
Polygon 1040,347, 1040,207, 1045,207, 1045,347
Polygon 1053,347, 1053,207, 1056,207, 1056,347

; эскалатор 3 гор
PenColor 7F7F7F
Stairs 458,173, 458,150, 425,173
PenColor 000000
BrushColor 9B5509
Polygon 465,150, 418,150, 418,147, 465,147
Polygon 465,155, 465,159, 418,159, 418,155
Polygon 465,164, 465,168, 418,168, 418,164
Polygon 465,173, 418,173, 418,176, 465,176

; эскалатор 3 гор
PenColor 7F7F7F
Stairs 458,265, 458,242, 425,265
PenColor 000000
BrushColor 9B5509
Polygon 465,242, 418,242, 418,239, 465,239
Polygon 465,247, 465,251, 418,251, 418,247
Polygon 465,256, 465,260, 418,260, 418,256
Polygon 465,265, 418,265, 418,268, 465,268

; турникеты
Line 1005,186, 991,186
PenColor 009900
Stairs 1037,184, 1037,188, 1064,184
PenColor FF0000
Stairs 1033,184, 1033,188, 1003,184

;лифт
PenColor 000000
BrushColor D0EFFF
Polygon 1064,218, 1064,203, 1079,203, 1079,218
BrushColor -1
AngleTextOut -90, Arial, 6, 1076, 204, лифт

;лифт
PenColor 000000
BrushColor D0EFFF
Polygon 1064,157, 1064,142, 1079,142, 1079,157
BrushColor -1
AngleTextOut -90, Arial, 6, 1076, 143, лифт

Angle -33

;; ====================================================

Angle -70

;;Пути
PenColor 000000
BrushColor E83F83
Polygon 871,158, 871,128, 1321,128, 1321,158
Polygon 871,191, 871,161, 1321,161, 1321,191

Opaque 80
PenColor FFFFFF
BrushColor FFFFFF
Polygon 918,127, 918,192, 1068,192, 1068,127
Opaque 100

BrushColor -1
PenColor E83F83
AngleTextOut 0, Arial, 20, 777, 99, << Текстильщики
AngleTextOut 0, Arial, 20, 1218, 196, Люблино >>
PenColor 000000
AngleTextOut 0, Arial, 25, 1126, 144, Печатники, 1
PenColor FFFFFF
AngleTextOut 0, Arial, 25, 1125, 143, Печатники, 1
PenColor 000000

; кассы
PenColor 000000
BrushColor -1
Line 958,57, 958,67, 987,67
AngleTextOut 0, Arial, 10, 961, 55, кассы

Stairs 993,227, 993,208, 1030,227
Stairs 993,93, 993,112, 1030,93
Line 1040,227, 1040,208, 987,208
Line 987,112, 1040,112, 1040,93
Line 1069,200, 1069,120
Stairs 942,16, 958,16, 942,38

; эскалатор 2 гор
PenColor 7F7F7F
Stairs 1129,117, 1129,96, 1074,117
PenColor 000000
BrushColor 9B5509
Polygon 1136,96, 1069,96, 1069,93, 1136,93
Polygon 1136,104, 1136,109, 1069,109, 1069,104
Polygon 1136,117, 1069,117, 1069,120, 1136,120

; эскалатор 2 гор
PenColor 7F7F7F
Stairs 1129,224, 1129,203, 1074,224
PenColor 000000
BrushColor 9B5509
Polygon 1136,203, 1069,203, 1069,200, 1136,200
Polygon 1136,211, 1136,216, 1069,216, 1069,211
Polygon 1136,224, 1069,224, 1069,227, 1136,227

; эскалатор 2 гор
PenColor 7F7F7F
Stairs 912,411, 912,395, 875,411
PenColor 000000
BrushColor 9B5509
Polygon 918,395, 870,395, 870,392, 918,392
Polygon 918,401, 918,405, 870,405, 870,401
Polygon 918,411, 870,411, 870,414, 918,414

; эскалатор 2 верт
PenColor 7F7F7F
Stairs 939,21, 921,21, 939,36
PenColor 000000
BrushColor 9B5509
Polygon 921,14, 921,41, 918,41, 918,14
Polygon 928,14, 932,14, 932,41, 928,41
Polygon 939,14, 939,41, 942,41, 942,14

; эскалатор 2 гор
PenColor 7F7F7F
Stairs 843,323, 843,307, 806,323
PenColor 000000
BrushColor 9B5509
Polygon 849,307, 801,307, 801,304, 849,304
Polygon 849,313, 849,317, 801,317, 801,313
Polygon 849,323, 801,323, 801,326, 849,326

; турникеты
BrushColor FFFFFF
PenColor 009900
Stairs 964,112, 969,112, 964,160
PenColor FF0000
Stairs 964,206, 969,206, 964,160

;лифт
PenColor 000000
BrushColor D0EFFF
Polygon 958,57, 958,42, 973,42, 973,57
Polygon 958,108, 958,93, 973,93, 973,108
BrushColor -1
AngleTextOut 90, Arial, 6, 961, 56, лифт
AngleTextOut 90, Arial, 6, 961, 107, лифт

;лифты
PenColor 000000
BrushColor D0EFFF
Polygon 958,57, 958,42, 973,42, 973,57
Polygon 958,227, 958,212, 973,212, 973,227
Polygon 834,304, 834,289, 849,289, 849,304
Polygon 903,392, 903,377, 918,377, 918,392
BrushColor -1
AngleTextOut 90, Arial, 6, 961, 56, лифт
AngleTextOut 90, Arial, 6, 961, 226, лифт
AngleTextOut 90, Arial, 6, 838, 303, лифт
AngleTextOut 90, Arial, 6, 907, 391, лифт

PenColor 000000

Line 859,425, 863,425, 863,432, 958,432, 958,227, 1321,227, 1321,191
Line 1321,128, 1321,93, 958,93, 958,81, 987,81, 987,57, 958,57, 958,-8, 954,-8
Line 922,-8, 918,-8, 918,289, 792,289, 792,295, 788,295
Line 788,340, 792,340, 792,347, 918,347, 918,377, 863,377, 863,383, 859,383
Stairs 844,347, 844,326, 806,347
Stairs 914,432, 914,414, 874,432

Angle 70
