Size 400x400

; ====================================================

Angle -45



; МЦК

; МЦК береговая

;Пути
PenColor DE7272
Line 367,190, 12,190, 20
Line 367,212, 12,212, 20
PenColor D56060
Dashed 367,190, 12,190, 13
Dashed 367,212, 12,212, 13
PenColor 000000
Line 2,269, 2,222, 377,222, 377,269, 366,269
Line 294,97, 365,97, 365,133, 377,133, 377,180, 2,180, 2,133, 147,133, 147,119, 218,93, 227,122, 264,122
Line 337,122, 344,122, 344,133, 210,133, 207,126
Line 239,108, 274,108, 274,131, 217,131, 210,115
Line 315,122, 309,122, 309,269
Line 282,122, 282,301, 366,301, 366,269

Line 307,269, 207,269, 207,277, 226,277
Line 226,285, 226,291, 157,291, 157,300
Line 205,302, 205,310, 104,310, 104,283, 207,283, 207,288
Line 141,287, 141,269, 2,269

BrushColor D0D0D0
Polygon 162,128, 162,133, 192,133, 192,128
Polygon 298,122, 291,122, 291,276, 298,276
Polygon 309,269, 309,277, 337,277, 337,269
Polygon 157,269, 157,277, 193,277, 193,269

BrushColor -1
PenColor DE7272
AngleTextOut 0, Arial, 20, 3, 157, << Лужники
AngleTextOut 0, Arial, 20, 243, 219, Крымская >>
PenColor 000000
AngleTextOut 0, Arial, 25, 50, 183, Площадь Гагарина (МЦК), 1
PenColor FFFFFF
AngleTextOut 0, Arial, 25, 49, 182, Площадь Гагарина (МЦК), 1




Angle 45

