Size 1070x700
Angle 10

==========================================

; пути
BrushColor AC24AC
Polygon 344,113, 794,113, 794,143, 344,143
Polygon 344,223, 794,223, 794,253, 344,253

BrushColor B0B0B0
Polygon 344,333, 795,333, 795,363, 344,363

BrushColor -1
PenColor AC24AC
AngleTextOut 0, Arial, 25, 476, 158, Полежаевская, 1

PenColor AC24AC
AngleTextOut 0, Arial, 20, 691, 252, Беговая >>
AngleTextOut 0, Arial, 20, 353, 141, << Октябрьское поле

;инфосос
PenColor 34349C
BrushColor 34349C
Polygon 553,187, 553,183, 551,183, 551,187
PenColor FF0000
BrushColor FF0000
Polygon 553,191, 553,187, 551,187, 551,191

;левый вестибюль

PenColor 000000
Line 180,316, 258,316, 258,403, 225,489, 225,512, 173,512, 173,483, 154,483, 154,415, 139,415, 139,405, 180,405
Line 180,405, 180,378, 139,378, 139,369, 180,369, 180,316
Line 83,309, 139,324, 159,324, 159,270, 147,270, 147,207, 159,207, 159,98, 125,64, 95,94
Line 83,82, 115,50, 115,2
Line 133,2, 133,47, 169,83, 186,83, 186,43
Line 204,43, 204,105, 177,105, 177,159, 196,159, 196,141, 283,141, 283,151, 344,151, 344,143
Line 280,593, 280,590, 78,590, 78,441, 103,441, 103,378, 113,378, 113,369, 103,369, 103,346, 158,346, 158,344, 137,344, 77,328
Line 280,572, 280,576, 202,576
Line 271,340, 271,367, 0.5
Line 120,504, 126,504, 126,479, 0.5
Line 283,274, 344,274, 0.5
Line 82,313, 120,323, 0.5
Line 176,332, 176,365, 141,365, 0.5
Line 119,4, 119,45
Stairs 84,314, 80,329, 118,323
Stairs 285,156, 285,207, 342,156
Stairs 285,274, 285,325, 342,274
Stairs 119,42, 133,42, 119,4
Stairs 123,66, 111,54, 95,94
Stairs 271,343, 258,343, 271,365
Stairs 156,346, 156,365, 143,346

BrushColor D0D0D0
Polygon 125,405, 114,405, 114,415, 125,415
Polygon 283,257, 295,257, 295,218, 283,218, 283,207, 344,207, 344,269, 283,269
Polygon 177,207, 196,207, 208,232, 208,241, 196,269, 177,269
Polygon 976,209, 957,209, 945,232, 945,242, 957,267, 976,267

; турникеты
BrushColor FFFFFF
Polygon 243,226, 252,226, 252,235, 243,235
PenColor 009900
Stairs 245,313, 250,313, 245,235
PenColor FF0000
Stairs 245,223, 250,223, 245,143

; кассы
PenColor 000000
BrushColor -1
Line 78,441, 78,433, 103,433, 103,441
AngleTextOut 0, Arial, 10, 78, 430, кассы

; кассы
PenColor 000000
BrushColor FFFFFF
Polygon 196,263, 196,269, 177,269, 177,263
BrushColor -1
AngleTextOut 0, Arial, 8, 177, 260, кассы

;лифт
PenColor 000000
BrushColor D0EFFF
Polygon 123,319, 127,304, 142,308, 138,323
BrushColor -1
AngleTextOut -5, Arial, 6, 126, 309, лифт



;стрелки
PenColor FF0000
Arrow 205,186, 177,186
PenColor 009900
Arrow 182,289, 214,289

;инфососы
PenColor 94949C
BrushColor 94949C
Polygon 278,330, 278,334, 280,334, 280,330
PenColor FF0000
BrushColor FF0000
Polygon 278,326, 278,330, 280,330, 280,326

;правый вестибюль

PenColor 000000
Line 874,164, 874,161, 898,161, 898,153, 950,153, 950,168, 975,168, 975,109, 932,109
Line 794,143, 794,161, 811,161, 811,164
Line 931,91, 1036,91
Line 1036,109, 993,109, 993,209, 1004,209, 1004,267, 993,267, 993,347, 1037,347
Line 875,312, 875,315, 916,315, 916,432, 885,487, 885,515, 729,515, 729,517, 835,517, 835,515
Line 805,577, 805,585, 846,585, 846,608, 924,608, 1030,502, 1027,499
Line 1005,477, 1002,474, 910,566, 903,566, 903,493, 937,434, 937,320, 953,291, 976,291, 976,365, 1037,365
Line 808,312, 808,315, 795,315, 795,333
Line 729,593, 729,575
Line 931,105, 971,105, 0.5
Line 1036,105, 996,105, 0.5
Line 980,140, 980,120, 0.5
Line 283,156, 344,156, 0.5
Line 921,373, 921,410, 0.5
Line 994,361, 1034,361, 0.5
Line 200,43, 200,83, 0.5
Stairs 1034,91, 1034,105, 996,91
Stairs 933,91, 933,105, 971,91
Stairs 980,122, 993,122, 980,140
Stairs 996,347, 996,361, 1034,347
Stairs 811,181, 811,209, 836,181
Stairs 851,181, 851,209, 876,181
Stairs 811,267, 811,295, 836,267
Stairs 851,267, 851,295, 877,267
Stairs 200,45, 186,45, 200,83
Stairs 921,376, 937,376, 921,406

BrushColor D0D0D0
Polygon 344,211, 344,217, 794,217, 794,211
Polygon 848,209, 900,209, 900,214, 886,214, 886,262, 900,262, 900,267, 848,267
Polygon 794,209, 836,209, 836,267, 794,267
;Polygon 934,238, 985,238, 989,234, 997,234, 997,274, 976,274, 976,255, 934,255
;Polygon 934,361, 976,361, 976,342, 997,342, 997,428, 981,428, 981,406, 934,406

; эскалатор 1 гор
PenColor 7F7F7F
Stairs 877,177, 877,168, 806,177
PenColor 000000
BrushColor 9B5509
Polygon 884,168, 801,168, 801,164, 884,164
Polygon 884,177, 801,177, 801,181, 884,181

; эскалатор 1 гор
PenColor 7F7F7F
Stairs 877,308, 877,299, 804,308
PenColor 000000
BrushColor 9B5509
Polygon 884,299, 799,299, 799,295, 884,295
Polygon 884,308, 799,308, 799,312, 884,312

;лифт
PenColor 000000
BrushColor D0EFFF
Polygon 973,91, 973,77, 988,77, 988,91
BrushColor -1
AngleTextOut 0, Arial, 6, 974, 81, лифт

; турникеты
Line 921,170, 914,153, 0.5
Line 947,228, 937,206, 0.5
PenColor 009900
Stairs 937,202, 932,204, 923,169
PenColor FF0000
Stairs 947,253, 942,253, 947,295

; кассы
PenColor 000000
BrushColor FFFFFF
Polygon 968,250, 968,223, 976,223, 976,250
BrushColor -1
AngleTextOut 90, Arial, 10, 965, 249, кассы

;стрелки
PenColor FF0000
Arrow 962,279, 974,279
Arrow 822,173, 846,173
Arrow 815,303, 834,303
PenColor 009900
Arrow 974,188, 959,188
Arrow 899,195, 884,195
Arrow 904,282, 885,282

;инфосос
PenColor 34349C
BrushColor 34349C
Polygon 917,264, 912,264, 912,266, 917,266
PenColor FF0000
BrushColor FF0000
Polygon 922,264, 917,264, 917,266, 922,266

;названия улиц голубым
PenColor 00AFAF
BrushColor -1
AngleTextOut -15, Arial, 15, 49, 173, Хорошевское
AngleTextOut -15, Arial, 15, 43, 186, шоссе
AngleTextOut 0, Arial, 15, 1020, 217, Хорошевское
AngleTextOut 0, Arial, 15, 1020, 231, шоссе
AngleTextOut -90, Arial, 15, 171, -68, улица Куусинена
AngleTextOut 45, Arial, 15, 940, 610, ул 4 магистральная
AngleTextOut -15, Arial, 15, 9, 293, << МЦК

Opaque 70
; "закрыто"
PenColor FFD0D0
BrushColor FFD0D0
Polygon 341,330, 797,330, 797,367, 341,367
PenColor FF4040

Opaque 100
PenColor FF4040
BrushColor -1
Dashed 341,330, 797,330, 797,367, 341,367, 341,330
Dashed 344,220, 794,220
AngleTextOut 0, Arial, 15, 513, 337, путь не используется
BrushColor 000000


==========================================
; Хорошёвская БКЛ

; пути
PenColor 000000
BrushColor 30D5C8
Polygon 280,515, 280,485, 729,485, 729,515
Polygon 280,623, 280,593, 729,593, 729,623
Line 280,515, 280,533
Line

PenColor 30D5C8
BrushColor -1
AngleTextOut 0, Arial, 20, 280, 460, << Народное Ополчение
AngleTextOut 0, Arial, 20, 654, 623, ЦСКА >>
AngleTextOut 0, Arial, 25, 426, 525, Хорошёвская, 1

;инфосос
PenColor 94949C
BrushColor 94949C
Polygon 509,556, 509,552, 507,552, 507,556
Polygon 88,551, 88,547, 86,547, 86,551
PenColor FF0000
BrushColor FF0000
Polygon 509,560, 509,556, 507,556, 507,560
Polygon 88,555, 88,551, 86,551, 86,555

;лифт
PenColor 000000
BrushColor D0EFFF
Polygon 787,531, 787,517, 802,517, 802,531
BrushColor -1
AngleTextOut 0, Arial, 6, 788, 521, лифт

;лифт
PenColor 000000
BrushColor D0EFFF
Polygon 205,590, 205,576, 220,576, 220,590
BrushColor -1
AngleTextOut 0, Arial, 6, 206, 580, лифт

;лифт
PenColor 000000
BrushColor D0EFFF
Polygon 961,365, 961,351, 976,351, 976,365
BrushColor -1
AngleTextOut 0, Arial, 6, 962, 355, лифт

;лифт
PenColor 000000
BrushColor D0EFFF
Polygon 925,551, 915,541, 925,531, 935,541
BrushColor -1
AngleTextOut 45, Arial, 6, 917, 542, лифт

;инфососы
PenColor 94949C
BrushColor 94949C
Polygon 869,519, 874,519, 874,517, 869,517
PenColor FF0000
BrushColor FF0000
Polygon 864,519, 869,519, 869,517, 864,517


; эскалатор 4 гор
PenColor 7F7F7F
Stairs 180,536, 180,569, 275,536
PenColor 000000
BrushColor 9B5509
Polygon 173,569, 280,569, 280,572, 173,572
Polygon 173,554, 173,551, 280,551, 280,554
Polygon 173,563, 173,560, 280,560, 280,563
Polygon 173,545, 173,542, 280,542, 280,545
Polygon 173,536, 280,536, 280,533, 173,533

; эскалатор 4 гор
PenColor 7F7F7F
Stairs 737,536, 737,572, 830,536
PenColor 000000
BrushColor 9B5509
Polygon 729,572, 835,572, 835,575, 729,575
Polygon 729,556, 729,552, 835,552, 835,556
Polygon 729,566, 729,562, 835,562, 835,566
Polygon 729,546, 729,542, 835,542, 835,546
Polygon 729,536, 835,536, 835,533, 729,533

PenColor 7F7F7F
Stairs 947,535, 969,557, 997,485
PenColor 000000
BrushColor 9B5509
Polygon 964,562, 1023,503, 1025,505, 966,564
Polygon 954,552, 952,550, 1011,491, 1013,493
Polygon 960,558, 958,556, 1017,497, 1019,499
Polygon 948,546, 946,544, 1005,485, 1007,487
Polygon 942,540, 1001,481, 999,479, 940,538

; турникеты
BrushColor -1
Polygon 87,501, 81,501, 81,507, 87,507
Polygon 886,536, 886,542, 892,542, 892,536
Line 878,575, 878,584, 0.5
Line 881,543, 881,535, 902,535, 0.5
PenColor 009900
Stairs 91,502, 91,506, 120,502
Stairs 878,544, 883,544, 878,573
PenColor FF0000
Stairs 126,474, 126,478, 152,474
Stairs 875,583, 875,588, 848,583

; стрелки
PenColor FF0000
Arrow 139,465, 139,443
PenColor 009900
Arrow 101,467, 101,489

; кассы
PenColor 000000
BrushColor -1
Line 903,537, 910,537, 910,564, 903,564
AngleTextOut -90, Arial, 10, 914, 538, кассы

Opaque 80
PenColor FFFFFF
BrushColor FFFFFF
Polygon 202,532, 187,532, 187,573, 202,573
Polygon 805,532, 817,532, 817,576, 805,576
Opaque 100

PenColor 000000
Line 344,333, 344,325, 283,325, 283,340, 276,340, 276,410, 243,496, 243,529, 202,529, 202,576
Line 173,572, 173,576, 187,576, 187,529, 173,529, 173,533
Line 835,575, 835,577, 817,577, 817,531, 835,531, 835,533
Line 729,533, 729,531, 805,531, 805,577

==========================================

; Выходы
Angle -10
PenColor FFD900
BrushColor 615F56
SpotRect 76, 352, 30, 30, ShowMessage Выход №1
SpotRect 66, 171, 30, 30
SpotRect 24, 75, 30, 30
SpotRect 164, 100, 30, 30
SpotRect 842, 3, 30, 30
SpotRect 981, 31, 30, 30
SpotRect 1016, 283, 30, 30
SpotRect 1030, 363, 30, 30
BrushColor -1
TextOut Arial, 25, 84, 353, 1
TextOut Arial, 25, 74, 172, 2
TextOut Arial, 25, 32, 76, 3
TextOut Arial, 25, 172, 101, 4
TextOut Arial, 25, 850, 4, 5
TextOut Arial, 25, 989, 32, 6
TextOut Arial, 25, 1024, 284, 7
TextOut Arial, 25, 1038, 364, 8
