Size 1970x1050

;Angle 45

;Здания беж
BrushColor FEFBF1
PenColor CCCCCC
Polygon 156,714, 21,714, 21,246, 47,246, 47,40, 156,40, 156,324, 127,324, 127,447, 144,447, 144,512, 127,512, 127,636, 156,636

PenColor 000000
AngleTextOut 90, Arial, 15, 61, 590, Рижский вокзал


;Пути

BrushColor FC9C54
Polygon 974,469, 974,18, 1004,18, 1004,469
Polygon 1084,469, 1084,18, 1114,18, 1114,469

BrushColor -1
PenColor F7782E
AngleTextOut 90, Arial, 25, 1029, 345, Рижская, 1
AngleTextOut 90, Arial, 20, 951, 468, << Проспект Мира
AngleTextOut 90, Arial, 20, 1114, 164, Алексеевская >>

;Здания беж
PenColor DFDFDF
BrushColor FEFBF1
Ellipse 951,665, 1135,481

; эскалатор 4 верт
PenColor 7F7F7F
Stairs 1019,539, 1068,539, 1019,409
PenColor 000000
BrushColor 9B5509
Polygon 1017,405, 1017,542, 1021,542, 1021,405
Polygon 1028,405, 1028,542, 1034,542, 1034,405
Polygon 1041,405, 1041,542, 1047,542, 1047,405
Polygon 1054,405, 1054,542, 1060,542, 1060,405
Polygon 1066,405, 1066,542, 1070,542, 1070,405


;левый вестибюль
Line 1004,469, 1012,469, 1012,368, 1023,368, 1023,374, 1017,374, 1017,522
Line 1084,469, 1076,469, 1076,368, 1064,368, 1064,374, 1070,374, 1070,523
Spline 1017,522, 997,541, 989,563
Spline 1070,523, 1094,552, 1095,592, 1066,625
Spline 1042,630, 1011,619, 991,591
Spline 961,602, 956,566, 965,532
Spline 983,563, 992,539, 1014,517
Spline 1084,650, 1062,659, 1039,661
Spline 1043,634, 1024,631, 1009,623
Line 1066,625, 1068,630, 1073,628, 1084,650
Line 989,563, 983,563
Line 1042,630, 1043,634
Line 991,591, 985,593, 986,596
Line 965,532, 961,530
Line 1014,517, 997,493
Line 1009,623, 991,649
Line 1039,661, 1039,665

;кассы
Line 986,596, 991,606, 971,621
Spline 961,602, 965,612, 971,621
BrushColor -1
PenColor 000000
Line 1068,630, 1077,655
AngleTextOut -65, Arial, 9, 1077, 628, кассы

;турникеты
Line 1043,544, 1029,589, 1017,619, 0.5
Line 998,550, 995,547, 0.5
Polygon 1039,595, 1032,595, 1032,588, 1039,588
PenColor 009900
Stairs 1044,589, 1044,594, 1089,591
PenColor FF0000
Stairs 980,563, 980,559, 958,563

;стрелки
PenColor FF0000
Arrow 986,577, 970,577
Arrow 1024,552, 1020,564
Arrow 1032,376, 1032,398
PenColor 009900
Arrow 1012,647, 1030,647
Arrow 1053,638, 1053,624
Arrow 1060,564, 1060,549
Arrow 1056,398, 1056,376

;инфососы
PenColor 94949C
BrushColor 94949C
Polygon 1050,232, 1050,234, 1045,234, 1045,232
Polygon 1031,624, 1031,626, 1036,627, 1036,625
PenColor FF0000
BrushColor FF0000
Polygon 1045,232, 1045,234, 1040,234, 1040,232
Polygon 1036,625, 1036,627, 1041,628, 1041,626

=============================================
; БКЛ
; пути
PenColor 000000
BrushColor 30D5C8
Polygon 442,137, 442,107, 891,107, 891,137
Polygon 442,245, 442,215, 891,215, 891,245

PenColor 30D5C8
BrushColor -1
AngleTextOut 0, Arial, 20, 445, 83, << Марьина роща
AngleTextOut 0, Arial, 20, 762, 245, Сокольники >>
AngleTextOut 0, Arial, 25, 636, 154, Рижская (БКЛ), 1

;инфососы
PenColor 94949C
BrushColor 94949C
Polygon 665,181, 665,185, 663,185, 663,181
PenColor FF0000
BrushColor FF0000
Polygon 665,177, 665,181, 663,181, 663,177


; левый вестибюль

PenColor 000000
Line 386,336, 383,336, 383,156, 467,156
Line 424,336, 427,336, 427,196, 467,196
Line 442,137, 442,156
Line 442,215, 442,196
Line 427,192, 467,192, 0.5
Line 427,174, 467,174, 0.5
Line 423,236, 423,196, 0.5
Stairs 383,234, 423,234, 383,196
Stairs 465,156, 465,192, 427,156

BrushColor D0D0D0
Polygon 403,196, 407,196, 407,249, 403,249

; эскалатор 4 верт
PenColor 7F7F7F
Stairs 389,557, 421,557, 389,332
PenColor 000000
BrushColor 9B5509
Polygon 386,563, 386,328, 389,328, 389,563
Polygon 394,563, 394,328, 398,328, 398,563
Polygon 403,563, 403,328, 407,328, 407,563
Polygon 412,563, 412,328, 416,328, 416,563
Polygon 421,563, 421,328, 424,328, 424,563

;лифт
PenColor 000000
BrushColor D0EFFF
Polygon 372,690, 372,676, 387,676, 387,690
BrushColor -1
AngleTextOut 0, Arial, 6, 373, 680, лифт

; правый переход

Line 837,156, 837,146, 891,146, 891,137
Line 837,195, 837,205, 891,205, 891,215
Line 1023,92, 1023,142, 1015,142, 1015,18, 1004,18
Line 1060,135, 1060,95, 0.5
Line 1042,95, 1042,135, 0.5
Stairs 1023,133, 1060,133, 1023,95


; эскалатор 4 гор
PenColor 7F7F7F
Stairs 844,159, 844,192, 905,159
PenColor 000000
BrushColor 9B5509
Polygon 837,192, 910,192, 910,195, 837,195
Polygon 837,177, 837,174, 910,174, 910,177
Polygon 837,186, 837,183, 910,183, 910,186
Polygon 837,168, 837,165, 910,165, 910,168
Polygon 837,159, 910,159, 910,156, 837,156

;инфососы
PenColor 94949C
BrushColor 94949C
Polygon 943,174, 943,178, 941,178, 941,174
PenColor FF0000
BrushColor FF0000
Polygon 943,170, 943,174, 941,174, 941,170

Opaque 80
PenColor FFFFFF
BrushColor FFFFFF
Polygon 973,82, 973,40, 979,34, 1000,55, 997,58, 1003,64, 1016,64, 1016,92, 993,92, 978,77
Opaque 100

Line 902,156, 902,153, 921,153, 921,142, 917,138, 914,141, 893,120, 979,34, 1000,55, 997,58, 1003,64, 1024,64, 1024,61, 1065,61, 1065,142, 1074,142, 1074,18, 1084,18
Line 902,195, 902,198, 946,198, 946,137, 932,123, 978,77, 993,92, 1023,92
BrushColor D0D0D0
Polygon 927,153, 930,153, 930,141, 922,133, 920,135, 927,142
Polygon 937,153, 940,153, 940,139, 928,127, 926,129, 937,140
Polygon 990,65, 992,63, 1000,71, 1012,71, 1012,74, 999,74
Polygon 983,72, 985,70, 996,81, 1012,81, 1012,84, 995,84

; ============================================================
; МЦД-2

; платформы

PenColor E83F83
Line 1942,691, 1594,343, 20
Line 1997,637, 1648,288, 20

PenColor D81852
Railway 10, 14, 4, 1648,280, 2006,639
Railway 10, 14, 4, 1595,337, 1951,693

PenColor D81852
BrushColor -1
AngleTextOut -45, Arial, 25, 1751, 412, Рижская (МЦД-2), 1
AngleTextOut -45, Arial, 20, 1642, 290, << Марьина роща
AngleTextOut -45, Arial, 20, 1819, 521, Площадь трёх вокзалов >>

PenColor 000000
Line 1547,346, 1478,277
Line 1560,333, 1532,305, 1563,274, 1591,302
Line 1491,264, 1519,292, 1638,173, 1679,214
Line 1604,289, 1576,261, 1638,199, 1666,227
Stairs 1479,278, 1492,265, 1506,305
Stairs 1546,345, 1559,332, 1519,318
Stairs 1590,301, 1603,288, 1563,274
Stairs 1678,213, 1665,226, 1651,186

PenColor FF0000
Line 1698,204, 1664,248
Line 1703,209, 1659,243
; ============================================================
; МЦД-4

; платформы

PenColor 3FB585
Line 2014,614, 1665,265, 20
Line 2069,560, 1720,211, 20

PenColor 2F7555
Railway 10, 14, 4, 1720,203, 2078,562
Railway 10, 14, 4, 1666,257, 2023,616

PenColor 3FB585
AngleTextOut -45, Arial, 25, 1817, 332, "Рижская (МЦД-4, строится)", 1
AngleTextOut -45, Arial, 20, 1714, 213, << Марьина роща
AngleTextOut -45, Arial, 20, 1886, 439, Площадь трёх вокзалов >>


=============================================

; выход из БКЛ

BrushColor -1
PenColor 000000
Line 366,624, 366,584, 0.5
Line 146,951, 190,951, 0.5
Line 795,1035, 755,1035, 0.5
Line 368,676, 368,691, 0.5
Stairs 757,1009, 757,1035, 795,1009
Stairs 392,980, 392,999, 430,980
Stairs 356,1004, 356,980, 318,1004
Stairs 148,951, 148,975, 190,951
Stairs 352,586, 366,586, 352,624
Stairs 737,652, 755,652, 737,614
Stairs 368,678, 342,678, 368,691
Line 737,614, 737,675, 732,675, 732,528, 789,528
Line 789,505, 709,505, 709,728, 366,728, 366,704, 387,704, 387,690
Line 372,673, 372,696
Line 387,676, 387,664, 372,664, 372,660, 435,660, 435,558, 424,558
Line 755,614, 755,1009, 795,1009
Line 352,584, 352,636, 342,636, 342,728, 220,728, 220,614
Line 370,584, 370,636, 375,636, 375,558, 386,558
Line 190,614, 190,946, 146,946
Polygon 220,758, 220,945, 729,945, 729,758
Line 795,1039, 729,1039, 729,975, 389,975, 389,980, 430,980
Line 432,1004, 318,1004
Line 318,980, 359,980, 359,975, 146,975
Line 430,999, 389,999, 0.5
Line 408,591, 404,591, 404,606, 400,606, 400,647, 376,647, 0.5
PenColor D0D0D0
Line 372,696, 387,696
Line 372,664, 372,673

; турникеты
PenColor 009900
Stairs 408,589, 408,593, 433,589
PenColor FF0000
Stairs 397,605, 397,609, 376,605

; кассы
PenColor 000000
BrushColor -1
Line 432,660, 432,668, 404,668, 404,660
AngleTextOut 0, Arial, 10, 406, 658, кассы

;инфососы
PenColor 94949C
BrushColor 94949C
Polygon 433,642, 433,646, 431,646, 431,642
PenColor FF0000
BrushColor FF0000
Polygon 433,638, 433,642, 431,642, 431,638



;названия улиц синим
PenColor 00AFAF
BrushColor -1
AngleTextOut 90, Arial, 15, 612, 683, Проспект Мира
AngleTextOut 90, Arial, 15, 275, 688, Рижская площадь
AngleTextOut 0, Arial, 15, 778, 845, улица Сущёвский Вал
AngleTextOut 0, Arial, 15, 236, 848, улица Сущёвский Вал
AngleTextOut 30, Arial, 15, 1163, 457, к МЦД >>
AngleTextOut 30, Arial, 15, 1406, 285, << к метро

; Выходы
;Angle -90
PenColor FFD900
BrushColor 615F56
SpotRect 991, 677, 30, 30, ShowMessage Выход №1
SpotRect 317, 577, 30, 30
SpotRect 745, 561, 30, 30
SpotRect 775, 972, 30, 30
SpotRect 414, 1010, 30, 30
SpotRect 311, 1011, 30, 30
SpotRect 141, 980, 30, 30
SpotRect 224, 605, 30, 30
BrushColor -1
TextOut Arial, 25, 998, 678, 1
TextOut Arial, 25, 324, 578, 2
TextOut Arial, 25, 752, 562, 3
TextOut Arial, 25, 786, 973, 4
TextOut Arial, 25, 421, 1011, 5
TextOut Arial, 25, 318, 1012, 6
TextOut Arial, 25, 149, 981, 7
TextOut Arial, 25, 231, 606, 8

