Size 1000x1000

===========================

; МЦК островная

Angle -30

PenColor D0D0D0
Line 707,813, 727,813
Line 707,898, 727,898
Line 650,797, 636,797
Line 631,789, 631,772

PenColor 000000
Line 631,886, 196,886, 196,824, 631,824
Line 676,839, 636,839, 0.5
Stairs 638,853, 638,839, 676,853

BrushColor D0D0D0
Polygon 727,898, 727,813, 734,813, 734,898
Polygon 631,813, 631,835, 683,835, 683,831, 707,831, 707,813
Polygon 707,898, 707,890, 683,890, 683,874, 631,874, 631,898

; эскалатор 2 гор
PenColor 7F7F7F
Stairs 640,856, 640,869, 675,856
PenColor 000000
BrushColor 9B5509
Polygon 679,856, 635,856, 635,853, 679,853
Polygon 679,861, 679,864, 635,864, 635,861
Polygon 679,869, 635,869, 635,872, 679,872

;инфососы
PenColor 94949C
BrushColor 94949C
Polygon 583,855, 583,851, 581,851, 581,855
PenColor FF0000
BrushColor FF0000
Polygon 583,859, 583,855, 581,855, 581,859

; турникеты
PenColor 000000
BrushColor -1
Polygon 703,833, 698,833, 698,838, 703,838
PenColor 009900
Stairs 698,862, 702,862, 698,838
PenColor FF0000
Stairs 698,866, 702,866, 698,889

; кассы
PenColor 000000
BrushColor FFFFFF
Polygon 691,813, 691,820, 663,820, 663,813
BrushColor -1
AngleTextOut 0, Arial, 10, 665, 809, кассы

; туалет
PenColor 000000
BrushColor 99FF99
Polygon 640,813, 649,813, 649,822, 640,822
BrushColor -1
AngleTextOut 0, Arial, 10, 642, 812, Т

;инфосос
PenColor 94949C
BrushColor 94949C
Polygon 699,812, 703,812, 703,810, 699,810
PenColor FF0000
BrushColor FF0000
Polygon 695,812, 699,812, 699,810, 695,810


;Пути
PenColor DE7272
Line 561,814, 206,814, 20
Line 612,896, 257,896, 20
PenColor D56060
Dashed 561,814, 206,814, 13
Dashed 612,896, 257,896, 13
PenColor 000000

BrushColor -1
PenColor DE7272
AngleTextOut 0, Arial, 25, 315, 837, Ростокино (МЦК), 1
AngleTextOut 0, Arial, 20, 198, 780, << Ботанический сад
AngleTextOut 0, Arial, 20, 469, 904, Белокаменная >>

; переход

PenColor 000000
Line 631,772, 631,743, 704,743, 704,566
Line 631,789, 631,797, 636,797
Line 650,797, 734,797, 733,562
Line 697,761, 653,761
Line 653,747, 697,747, 0.5
Stairs 655,761, 655,747, 697,761

;лифт
PenColor 000000
BrushColor D0EFFF
Polygon 668,776, 668,761, 683,761, 683,776
BrushColor -1
AngleTextOut 0, Arial, 6, 669, 765, лифт

; эскалатор 2 гор
PenColor 7F7F7F
Stairs 658,779, 658,792, 693,779
PenColor 000000
BrushColor 9B5509
Polygon 697,779, 653,779, 653,776, 697,776
Polygon 697,784, 697,787, 653,787, 653,784
Polygon 697,792, 653,792, 653,795, 697,795

;инфосос
PenColor 94949C
BrushColor 94949C
Polygon 732,787, 732,783, 730,783, 730,787
PenColor FF0000
BrushColor FF0000
Polygon 732,791, 732,787, 730,787, 730,791

; туалет
PenColor 000000
BrushColor 99FF99
Polygon 734,645, 743,645, 743,654, 734,654
BrushColor -1
AngleTextOut 0, Arial, 10, 736, 644, Т

; кассы
PenColor 000000
BrushColor -1
Line 734,662, 742,662, 742,690, 734,690
AngleTextOut 90, Arial, 10, 731, 688, кассы

; Названия улиц голубым
PenColor 00AFAF
BrushColor -1
AngleTextOut 90, Arial, 15, 100, 734, проспект Мира (Ярославское шоссе)
AngleTextOut 0, Arial, 15, 429, 667, МСД



Angle 30


===============================

; жд электричка Ростокино (бывш. Северянин)

PenColor 000000
Line 644,660, 644,617, 692,617, 692,543, 698,543, 698,503
Line 720,503, 720,543, 726,543, 726,617, 795,617, 795,543, 801,543, 801,503
Line 823,503, 823,543, 829,543, 829,617, 899,617, 899,543, 922,543, 922,482, 926,482
Line 671,670, 671,660, 688,660, 688,686, 727,686
Line 727,686, 727,660, 792,660, 792,686, 831,686
Line 831,686, 831,660, 895,660, 895,687, 934,687
Line 713,678, 716,678, 716,660, 695,660, 695,678, 698,678
Line 802,678, 799,678, 799,660, 820,660, 820,678, 817,678
Line 906,678, 903,678, 903,660, 924,660, 924,678, 921,678
Line 934,687, 934,660, 940,660, 940,500, 954,500, 954,543
Line 695,668, 688,668, 0.5
Line 792,668, 799,668, 0.5
Line 655,637, 645,637, 0.5
Line 903,668, 895,668, 0.5
Line 926,503, 926,543, 0.5
Stairs 698,505, 720,505, 698,543
Stairs 801,505, 823,505, 801,543
Stairs 926,505, 940,505, 926,543

; Турникеты
PenColor 000000
Polygon 724,610, 718,610, 718,616, 724,616
Stairs 836,637, 836,641, 655,637
Stairs 837,632, 842,632, 837,617
Stairs 719,667, 719,670, 726,667
Stairs 823,667, 823,670, 829,667
Stairs 927,667, 927,670, 933,667

; эскалатор 2 верт
PenColor 7F7F7F
Stairs 703,599, 716,599, 703,564
PenColor 000000
BrushColor 9B5509
Polygon 703,560, 703,604, 700,604, 700,560
Polygon 708,560, 711,560, 711,604, 708,604
Polygon 716,560, 716,604, 719,604, 719,560

; эскалатор 2 верт
PenColor 7F7F7F
Stairs 806,599, 819,599, 806,564
PenColor 000000
BrushColor 9B5509
Polygon 806,560, 806,604, 803,604, 803,560
Polygon 811,560, 814,560, 814,604, 811,604
Polygon 819,560, 819,604, 822,604, 822,560

; эскалатор 2 верт
PenColor 7F7F7F
Stairs 909,599, 922,599, 907,564
PenColor 000000
BrushColor 9B5509
Polygon 909,560, 909,604, 906,604, 906,560
Polygon 914,560, 917,560, 917,604, 914,604
Polygon 922,560, 922,604, 925,604, 925,560

Opaque 80

PenColor FFFFFF
BrushColor FFFFFF
Polygon 676,709, 652,709, 652,614, 889,615, 889,662, 675,662

; платформы
PenColor E0E0E0
BrushColor E0E0E0
Polygon 681,559, 699,559, 699,585, 720,585, 720,559, 737,559, 737,693, 681,693
Polygon 681,501, 681,559, 737,559, 737,501, 721,501, 721,523, 697,523, 697,501
Polygon 681,167, 681,501, 737,501, 737,167, 719,167, 719,236, 696,236, 696,167
Polygon 681,11, 682,166, 736,166, 737,11


Polygon 784,559, 802,559, 802,585, 823,585, 823,559, 840,559, 840,693, 784,693
Polygon 784,501, 784,559, 840,559, 840,501, 824,501, 824,523, 800,523, 800,501
Polygon 784,167, 784,501, 840,501, 840,167, 822,167, 822,236, 799,236, 799,167
Polygon 784,11, 785,166, 839,166, 840,11

Polygon 887,559, 905,559, 905,585, 926,585, 926,559, 943,559, 943,693, 887,693
Polygon 887,481, 887,559, 943,559, 943,501, 941,501, 941,523, 921,523, 921,481
Polygon 887,481, 943,481, 943,236, 923,236, 923,167, 887,167
Polygon 887,11, 887,167, 943,167, 943,11

Opaque 100

PenColor D0D0D0
Railway 10, 14, 4, 879,-108, 879,729
Railway 10, 14, 4, 858,-108, 858,729
Railway 10, 14, 4, 776,-108, 776,729
Railway 10, 14, 4, 755,-108, 755,729
Railway 10, 14, 4, 669,-108, 669,729

PenColor 000000
Line 737,11, 681,11, 681,693, 737,693
Line 737,11, 737,693
Line 840,11, 784,11, 784,693, 840,693
Line 840,11, 840,693
Line 943,500, 943,693, 887,693, 887,11
Line 887,11, 943,11, 943,167
Line 943,235, 943,482
Line 972,543, 972,482, 939,482
Line 698,523, 720,523
Line 801,523, 823,523
Line 700,585, 719,585
Line 803,585, 822,585
Line 906,585, 925,585
Line 921,523, 940,523
Line 968,543, 968,503, 0.5
Stairs 954,505, 968,505, 954,543

;лифт
PenColor 000000
BrushColor D0EFFF
Polygon 698,678, 698,663, 713,663, 713,678
BrushColor -1
AngleTextOut 0, Arial, 6, 699, 667, лифт

;лифт
PenColor 000000
BrushColor D0EFFF
Polygon 802,678, 802,663, 817,663, 817,678
BrushColor -1
AngleTextOut 0, Arial, 6, 803, 667, лифт

;лифт
PenColor 000000
BrushColor D0EFFF
Polygon 906,678, 906,663, 921,663, 921,678
BrushColor -1
AngleTextOut 0, Arial, 6, 907, 667, лифт

;инфосос
PenColor 94949C
BrushColor 94949C
Polygon 710,372, 710,368, 708,368, 708,372
PenColor FF0000
BrushColor FF0000
Polygon 710,376, 710,372, 708,372, 708,376

;инфосос
PenColor 94949C
BrushColor 94949C
Polygon 814,372, 814,368, 812,368, 812,372
PenColor FF0000
BrushColor FF0000
Polygon 814,376, 814,372, 812,372, 812,376

;инфосос
PenColor 94949C
BrushColor 94949C
Polygon 937,372, 937,368, 935,368, 935,372
PenColor FF0000
BrushColor FF0000
Polygon 937,376, 937,372, 935,372, 935,376

; Турникеты
PenColor 000000
Stairs 905,553, 905,557, 927,553
Stairs 924,475, 924,479, 942,475

PenColor 000000
BrushColor -1
AngleTextOut 90, Arial, 25, 610, 390, Ростокино (жд), 1
PenColor 000000
AngleTextOut 90, Arial, 20, 681, 455, << Яуза
AngleTextOut 90, Arial, 20, 715, 426, Лосиноостровская >>
AngleTextOut 90, Arial, 20, 784, 451, << Яуза
AngleTextOut 90, Arial, 20, 818, 422, Лосиноостровская >>
PenColor D0D0D0
AngleTextOut 90, Arial, 15, 656, 771, путь 1
AngleTextOut 90, Arial, 15, 742, 771, путь 3
AngleTextOut 90, Arial, 15, 763, 771, путь 2
AngleTextOut 90, Arial, 15, 845, 771, путь 4
AngleTextOut 90, Arial, 15, 866, 771, путь 5

;========================================
; северный выход

PenColor 000000
Line 699,126, 699,147
Line 804,126, 804,147
Line 822,126, 822,147
Line 923,124, 923,144, 916,144
Line 941,126, 941,144, 943,144
Line 941,163, 916,163

Stairs 681,128, 699,128, 681,147
Stairs 804,128, 822,128, 804,147
Stairs 923,126, 941,126, 919

; Турникеты
Stairs 914,146, 918,146, 914,163

Opaque 80
PenColor FFFFFF
BrushColor FFFFFF
Polygon 656,36, 678,36, 678,18, 942,18, 942,166, 888,166, 888,92, 839,92, 839,166, 785,166, 785,91, 736,91, 736,166, 682,166, 682,91, 678,91, 678,65, 656,65
Opaque 100

PenColor 000000
Line 451,113, 451,66
Line 430,113, 428,113, 428,35, 448,35
Line 445,20, 461,20, 461,35, 677,35, 677,17, 943,17
Line 677,26, 943,26
Line 961,26, 964,26, 964,163, 943,163
Line 950,26, 947,26, 947,144, 943,144
Line 737,92, 784,92
Line 804,106, 804,126, 822,126, 822,106
Line 840,92, 887,92
Line 923,104, 923,124, 941,124, 941,104
Line 887,167, 924,167
Line 699,106, 699,126, 681,126
Line 681,92, 677,92, 677,66, 469,66, 469,113
Line 681,167, 696,167, 696,240, 699,240
Line 716,240, 719,240, 719,167, 737,167
Line 784,167, 800,167, 800,240, 802,240
Line 821,240, 823,240, 823,167, 840,167
Line 950,45, 950,85, 0.5
Stairs 822,124, 804,124, 822,106
Stairs 941,122, 923,122, 941,104
Stairs 451,72, 469,72, 451,110
Stairs 950,83, 964,83, 950,45
Stairs 699,124, 681,124, 699,106

;лифт
PenColor 000000
BrushColor D0EFFF
Polygon 430,35, 430,20, 445,20, 445,35
BrushColor -1
AngleTextOut 0, Arial, 6, 431, 24, лифт

; эскалатор 2 верт
PenColor 7F7F7F
Stairs 433,108, 446,108, 433,73
PenColor 000000
BrushColor 9B5509
Polygon 433,69, 433,113, 430,113, 430,69
Polygon 438,69, 441,69, 441,113, 438,113
Polygon 446,69, 446,113, 449,113, 449,69

; туалет
PenColor 000000
BrushColor 99FF99
Polygon 786,17, 795,17, 795,26, 786,26
BrushColor -1
AngleTextOut 0, Arial, 10, 788, 16, Т

; кассы
PenColor 000000
BrushColor FFFFFF
Polygon 722,26, 722,18, 694,18, 694,26
BrushColor -1
AngleTextOut 0, Arial, 10, 696, 16, кассы

; кассы
PenColor 000000
BrushColor FFFFFF
Polygon 837,26, 837,18, 809,18, 809,26
BrushColor -1
AngleTextOut 0, Arial, 10, 811, 16, кассы

;лифт
PenColor 000000
BrushColor D0EFFF
Polygon 932,44, 932,29, 947,29, 947,44
BrushColor -1
AngleTextOut 0, Arial, 6, 933, 33, лифт

;лифт
PenColor 000000
BrushColor D0EFFF
Polygon 680,77, 680,62, 695,62, 695,77
BrushColor -1
AngleTextOut 0, Arial, 6, 681, 66, лифт

;лифт
PenColor 000000
BrushColor D0EFFF
Polygon 805,76, 805,61, 820,61, 820,76
BrushColor -1
AngleTextOut 0, Arial, 6, 806, 65, лифт

; Турникеты
PenColor 000000
Line 924,235, 924,243, 926,243, 0.5
Stairs 800,66, 800,62, 698,66
Stairs 845,68, 841,68, 845,91
Stairs 840,66, 840,62, 822,66
Stairs 926,245, 926,242, 940,245

; эскалатор 2 верт
PenColor 7F7F7F
Stairs 701,230, 714,230, 701,171
PenColor 000000
BrushColor 9B5509
Polygon 701,167, 701,235, 698,235, 698,167
Polygon 706,167, 709,167, 709,235, 706,235
Polygon 714,167, 714,235, 717,235, 717,167

; эскалатор 2 верт
PenColor 7F7F7F
Stairs 805,230, 818,230, 805,171
PenColor 000000
BrushColor 9B5509
Polygon 805,167, 805,235, 802,235, 802,167
Polygon 810,167, 813,167, 813,235, 810,235
Polygon 818,167, 818,235, 821,235, 821,167

; эскалатор 2 верт
PenColor 7F7F7F
Stairs 927,230, 940,230, 927,171
PenColor 000000
BrushColor 9B5509
Polygon 927,167, 927,235, 924,235, 924,167
Polygon 932,167, 935,167, 935,235, 932,235
Polygon 940,167, 940,235, 943,235, 943,167

; Выходы
PenColor FFD900
BrushColor 615F56
SpotRect 559, 887, 30, 30, ShowMessage Выход №1
SpotRect 457, 964, 30, 30
BrushColor -1
TextOut Arial, 25, 567, 888, 1
TextOut Arial, 25, 465, 965, 2
