Size 770x540
Angle 50

; затемнение платформ
PenColor EEEEEE
BrushColor EEEEEE
Polygon 279,288, 264,288, 264,351, 279,351, 279,340, 271,340, 271,304, 279,304
Polygon 382,288, 466,288, 466,368, 382,368, 382,358, 417,358, 417,298, 382,298
Polygon 509,288, 509,368, 596,368, 596,358, 560,358, 560,298, 596,298, 596,288
Polygon 699,288, 699,305, 707,305, 707,341, 699,341, 699,350, 714,350, 714,288

;Здания беж
PenColor DFDFDF
BrushColor FEFBF1
Polygon 84,76, 31,76, 31,257, 84,257

; пути
PenColor 000000
BrushColor E41C0C
Polygon 264,288, 264,258, 714,258, 714,288
Polygon 264,398, 264,368, 714,368, 714,398

;инфосос
PenColor 34349C
BrushColor 34349C
Polygon 489,333, 489,329, 490,329, 490,333
PenColor FF0000
BrushColor FF0000
Polygon 489,337, 489,333, 490,333, 490,337

; левый вестибюль

PenColor FF0000
Arrow 288,358, 275,358

Opaque 80
PenColor FFFFFF
BrushColor FFFFFF
Polygon 382,267, 279,267, 279,304, 271,304, 271,340, 279,340, 279,351, 255,351, 255,366, 264,366, 264,389, 279,389, 279,399, 316,399, 316,389, 382,389
Polygon 509,399, 509,257, 466,257, 466,399
Opaque 100

PenColor 000000
Line 417,358, 382,358, 382,389, 316,389, 316,412, 356,412
Line 356,467, 279,467, 279,427, 261,427, 261,430, 246,430, 246,416, 279,416, 279,389, 264,389, 264,366, 255,366, 255,351, 279,351, 279,267, 382,267, 382,298, 417,298
BrushColor D0D0D0
Polygon 316,412, 356,412, 356,410, 316,410
Polygon 279,427, 277,427, 277,469, 356,469, 356,467, 279,467

Opaque 80
PenColor FFFFFF
BrushColor FFFFFF
;Polygon 372,256, 269,256, 269,293, 261,293, 261,329, 269,329, 269,340, 245,340, 245,355, 254,355, 254,378, 269,378, 269,388, 306,388, 306,378, 372,378
Polygon 320,410, 320,400, 264,400, 264,479, 382,479, 382,469, 277,469, 277,410
Opaque 100

Line 356,412, 356,410, 277,410, 277,469, 356,469, 356,467
Line 417,424, 382,424, 383,422, 596,422, 596,425, 554,425
Line 255,217, 255,177, 269,177, 370,232, 370,250, 466,250, 466,404, 382,404, 382,400, 264,400, 264,479, 382,479, 382,454, 417,454
Line 264,288, 264,351
Stairs 414,298, 414,358, 385,298
Stairs 414,424, 414,454, 385,424
Stairs 352,412, 352,440, 330,412

; эскалаторы
PenColor 7F7F7F
Stairs 352,464, 352,441, 331,464
PenColor 000000
BrushColor 9B5509
Polygon 356,440, 356,443, 327,443, 327,440
Polygon 356,451, 356,456, 327,456, 327,451
Polygon 356,464, 327,464, 327,467, 356,467

; кассы
BrushColor -1
Line 279,304, 271,304, 271,340, 279,340
AngleTextOut -90, Arial, 10, 281, 310, кассы

; турникеты
BrushColor -1
PenColor FF0000
Stairs 266,356, 259,356, 266,361
Stairs 344,381, 348,381, 344,287
PenColor 000000
Polygon 349,275, 340,275, 340,284, 349,284

; стрелки
PenColor FF0000
Arrow 322,331, 309,331, 309,342
Arrow 301,422, 301,435, 311,435
Arrow 419,439, 432,439

;лифты
PenColor 000000
BrushColor D0EFFF
Polygon 240,351, 255,351, 255,366, 240,366
BrushColor -1
AngleTextOut 0, Arial, 6, 241, 355, лифт

;лифты
PenColor 000000
BrushColor D0EFFF
Polygon 246,430, 261,430, 261,445, 246,445
BrushColor -1
AngleTextOut 0, Arial, 6, 247, 434, лифт

; правый вестибюль

Opaque 80
PenColor FFFFFF
BrushColor FFFFFF
Polygon 699,267, 596,267, 596,389, 662,389, 662,399, 699,399, 699,389, 714,389, 714,366, 722,366, 722,350, 699,350
Opaque 100

PenColor 000000
Line 560,358, 596,358, 596,389, 662,389, 662,412, 621,412
Line 620,467, 699,467, 699,427, 717,427, 717,431, 733,431, 733,416, 699,416, 699,389, 714,389, 714,366, 722,366, 722,350, 699,350, 699,267, 596,267, 596,298, 560,298

Opaque 80
PenColor FFFFFF
BrushColor FFFFFF
Polygon 658,400, 714,400, 714,479, 596,479, 596,470, 701,469, 701,410, 658,410
Opaque 100

Line 621,412, 621,410, 701,410, 701,469, 620,469, 620,467
Line 255,119, 255,159, 281,159, 389,221, 530,221, 530,250, 509,250, 509,404, 596,404, 596,400, 714,400, 714,479, 596,479, 596,455, 554,455
Line 237,119, 237,159, 215,159, 215,119
Line 197,119, 197,159, 175,159, 175,119
Line 157,119, 157,159, 135,159, 135,119
Line 117,119, 117,159, 84,159, 84,76, 31,76, 31,257, 84,257, 84,177, 117,177, 117,217
Line 135,217, 135,177, 156,177, 156,217
Line 175,217, 175,177, 197,177, 197,217
Line 215,217, 215,177, 237,177, 237,217
Line 714,288, 714,350
Stairs 593,298, 593,358, 563,298
Stairs 593,425, 593,455, 554,425
Stairs 647,412, 647,440, 623,412
Stairs 117,121, 135,121, 117,159
Stairs 157,121, 175,121, 157,159
Stairs 197,121, 215,121, 197,159
Stairs 237,121, 255,121, 237,159
Stairs 117,215, 135,215, 117,177
Stairs 156,215, 175,215, 156,177
Stairs 197,215, 215,215, 197,177
Stairs 237,215, 255,215, 237,177

BrushColor D0D0D0
Polygon 662,412, 662,410, 621,410, 621,412
Polygon 620,469, 620,467, 699,467, 699,427, 701,427, 701,469

; эскалаторы
PenColor 7F7F7F
Stairs 647,464, 647,442, 623,464
PenColor 000000
BrushColor 9B5509
Polygon 652,440, 652,443, 620,443, 620,440
Polygon 652,451, 652,456, 620,456, 620,451
Polygon 652,464, 620,464, 620,467, 652,467

; кассы
BrushColor -1
Line 699,305, 707,305, 707,341, 699,341
AngleTextOut -90, Arial, 10, 709, 310, кассы

; турникеты
BrushColor -1
PenColor 009900
Stairs 636,365, 632,365, 636,273
Stairs 711,356, 717,356, 711,361
PenColor 000000
Polygon 643,371, 643,381, 633,381, 633,371

; стрелки
PenColor 009900
Arrow 667,325, 652,325
Arrow 672,433, 682,433, 682,416
Arrow 532,440, 549,440

;лифты
PenColor 000000
BrushColor D0EFFF
Polygon 738,350, 722,350, 722,366, 738,366
BrushColor -1
AngleTextOut 0, Arial, 6, 724, 355, лифт

;лифты
PenColor 000000
BrushColor D0EFFF
Polygon 733,431, 717,431, 717,447, 733,447
BrushColor -1
AngleTextOut 0, Arial, 6, 719, 436, лифт

; закрытые кассы
Opaque 70
PenColor FFD0D0
BrushColor FFD0D0
Polygon 271,304, 271,340, 279,340, 279,304

Opaque 100
PenColor FF4040
BrushColor -1
Dashed 271,304, 271,340, 279,340, 279,304, 271,304

PenColor 000000
BrushColor -1
AngleTextOut -90, Arial, 15, 68, 84, 'Автовокзал "Саларьево"'

; надписи
PenColor E41C0C
BrushColor -1
AngleTextOut 0, Arial, 20, 271, 233, << тупик
AngleTextOut 0, Arial, 20, 612, 362, Румянцево >>
AngleTextOut 0, Arial, 25, 428, 298, Саларьево, 1

; Выходы
Angle -50
PenColor FFD900
BrushColor 615F56
SpotRect 572, 291, 30, 30, ShowMessage Выход №1
SpotRect 256, 342, 30, 30
SpotRect 149, 250, 30, 30
SpotRect 229, 373, 30, 30
SpotRect 124, 281, 30, 30
SpotRect 204, 404, 30, 30
SpotRect 98, 312, 30, 30
SpotRect 178, 435, 30, 30
SpotRect 72, 343, 30, 30
SpotRect 125, 442, 30, 30
BrushColor -1
TextOut Arial, 25, 580, 292, 1
TextOut Arial, 25, 259, 344, 2a
TextOut Arial, 25, 152, 252, 2b
TextOut Arial, 25, 232, 375, 3a
TextOut Arial, 25, 127, 283, 3b
TextOut Arial, 25, 207, 406, 4a
TextOut Arial, 25, 101, 314, 4b
TextOut Arial, 25, 181, 437, 5a
TextOut Arial, 25, 75, 345, 5b
TextOut Arial, 25, 133, 443, 6

