Size 1600x1260

Angle 10
; метро

; пути
BrushColor 9CA4A4
Polygon 709,1230, 709,780, 739,780, 739,1230
Polygon 819,1230, 819,780, 849,780, 849,1230

BrushColor -1
PenColor 4C4C4C
AngleTextOut -90, Arial, 20, 874, 780, << Дмитровская
AngleTextOut -90, Arial, 20, 709, 1071, Менделеевская >>
AngleTextOut -90, Arial, 25, 801, 980, Савёловская, 1

;инфосос
PenColor 34349C
BrushColor 34349C
Polygon 779,1194, 775,1194, 775,1195, 779,1195
PenColor FF0000
BrushColor FF0000
Polygon 783,1194, 779,1194, 779,1195, 783,1195

; южный торец

PenColor 000000
Line 739,1230, 748,1230, 748,1187, 755,1187, 755,1199, 803,1199, 803,1187, 811,1187, 811,1230, 819,1230

; северный вестибюль

Line 799,869, 799,905, 795,905, 795,945, 809,945, 809,780, 819,780
Line 739,780, 750,780, 750,945, 765,945, 765,905, 761,905, 761,869
Line 1455,853, 1433,840, 1483,753
Line 1464,742, 1442,780, 1372,739
Line 1355,729, 1330,715, 1351,678
Line 799,754, 825,754, 825,732, 859,732, 859,670, 853,670, 853,660, 859,660, 859,633, 1155,633, 1434,794, 1404,846, 1445,870
Line 1332,667, 1311,704, 1160,617, 1122,617, 1122,567
Line 1080,567, 1080,609, 544,609, 544,567
Line 530,633, 700,633, 700,660, 705,660, 705,670, 700,670, 700,732, 737,732, 737,754, 761,754
Line 539,607, 539,567, 0.5
Line 1118,567, 1118,607, 0.5
Line 1436,798, 1424,819, 0.5
Line 1427,855, 1447,867, 0.5
Line 1121,621, 1133,621, 0.5
Line 705,648, 705,632, 0.5
Line 854,648, 854,632, 0.5
Stairs 539,569, 507,569, 539,607
Stairs 705,646, 854,646, 705,633
Stairs 1080,569, 1118,569, 1080,607
Stairs 1131,633, 1131,621, 1122,633
Stairs 1331,669, 1350,680, 1313,701
Stairs 1463,744, 1482,755, 1444,777
Stairs 1425,817, 1441,826, 1436,798
Stairs 1453,852, 1445,866, 1435,841

BrushColor D0D0D0
Polygon 731,670, 731,660, 828,660, 828,670

; эскалатор 4 верт
PenColor 7F7F7F
Stairs 764,863, 796,863, 764,750
PenColor 000000
BrushColor 9B5509
Polygon 761,869, 761,746, 764,746, 764,869
Polygon 769,869, 769,746, 773,746, 773,869
Polygon 778,869, 778,746, 782,746, 782,869
Polygon 787,869, 787,746, 791,746, 791,869
Polygon 796,869, 796,746, 799,746, 799,869

; кассы
BrushColor FFFFFF
Line 732,732, 732,741, 704,741, 704,732
BrushColor -1
AngleTextOut 0, Arial, 10, 706, 730, кассы

; турникеты
BrushColor -1
Line 796,670, 796,691, 0.5
Line 737,720, 737,732, 0.5
Line 798,699, 780,735, 780,746, 0.5
Polygon 795,696, 791,698, 789,694, 793,692
PenColor 009900
Stairs 785,696, 787,700, 736,718
PenColor FF0000
Stairs 799,691, 799,695, 857,691

;инфосос
PenColor 34349C
BrushColor 34349C
Polygon 828,724, 828,728, 829,728, 829,724
PenColor FF0000
BrushColor FF0000
Polygon 828,720, 828,724, 829,724, 829,720

;стрелки
PenColor FF0000
Arrow 840,673, 840,657
Arrow 788,899, 788,881
PenColor 009900
Arrow 716,658, 716,675
Arrow 772,881, 772,899



; платформа "Савёловская"

Opaque 80
PenColor FFFFFF
BrushColor FFFFFF
Polygon 1336,717, 1393,750, 1383,766, 1326,733
Polygon 1200,637, 1249,666, 1248,689, 1199,661
Opaque 100

PenColor CCCCCC
BrushColor C0C0C0
Polygon 1250,901, 1276,916, 1622,318, 1597,303

PenColor 999999
Line 1344,742, 1367,755
Line 1352,728, 1355,729, 1358,724
Line 1375,741, 1372,739, 1375,734

; Савёловский вокзал

; переход к дальней платформе
PenColor 999999
Line 1199,398, 1210,398, 1210,358, 1248,358, 1248,356
Line 1199,417, 1229,417, 1229,376, 1267,376, 1267,356
Stairs 1229,397, 1210,397, 1229,378

; пути
PenColor CCCCCC
Railway 10, 14, 4, 1167,65, 1167,327
Railway 10, 14, 4, 1147,55, 1147,327
Railway 10, 14, 4, 1097,50, 1097,327
Railway 10, 14, 4, 1077,45, 1077,327
Railway 10, 14, 4, 1047,40, 1047,327
Railway 10, 14, 4, 1027,35, 1027,327
Railway 10, 14, 4, 977,30, 977,327
Railway 10, 14, 4, 957,25, 957,327
Railway 10, 14, 4, 907,15, 907,327
Railway 10, 14, 4, 1199,979, 1184,1017, 1168,1076, 1156,1125, 1144,1165, 1123,1211

;Здания беж
BrushColor FEFBF1
PenColor BBBBBB
Polygon 764,541, 764,426, 1040,426, 1040,541

; платформа
PenColor C0C0C0
BrushColor C0C0C0
Polygon 892,426, 892,373, 912,353, 912,20, 925,20, 932,27, 941,27, 941,336, 983,336, 983,32, 994,32, 1001,39, 1010,39, 1010,336, 1104,336, 1104,53, 1114,53, 1121,60, 1131,60, 1131,336, 1174,336, 1174,65, 1184,65, 1191,72, 1201,72, 1201,378, 1181,398, 1181,417, 1148,417, 1148,426
Polygon 1244,78, 1254,78, 1261,85, 1271,85, 1271,335, 1244,335

; вокзал
PenColor 000000
BrushColor 808080
Polygon 957,483, 849,483, 849,426, 957,426
Polygon 764,426, 777,426, 777,476, 784,476, 784,483, 777,483, 777,532, 849,532, 849,496, 870,496, 870,541, 764,541
Polygon 800,483, 800,476, 833,476, 833,483
Polygon 971,483, 971,476, 1006,476, 1006,483
Polygon 924,541, 924,496, 955,496, 955,534, 1027,534, 1027,483, 1020,483, 1020,476, 1027,476, 1027,426, 1040,426, 1040,541

; турникеты
PenColor E0E0E0
BrushColor E0E0E0
Polygon 1080,426, 1148,426, 1148,451, 1080,451
Polygon 968,426, 968,443, 1020,443, 1020,426
PenColor 000000
Line 1138,426, 1148,426, 1148,451, 1138,451
Line 1090,451, 1080,451, 1080,426, 1090,426
Line 1106,426, 1122,426
Line 1106,451, 1122,451
Line 968,443, 968,426
Line 1020,426, 1020,443
PenColor 009900
Stairs 972,439, 972,431, 1018,439
PenColor FF0000
Stairs 1084,434, 1084,441, 1146,434

; кассы
PenColor 000000
Line 947,426, 947,476, 957,476
Line 943,496, 943,534, 955,534
Line 1027,487, 1037,487, 1037,530, 1027,530
Line 777,484, 770,484, 770,531, 777,531
Line 849,446, 860,446, 860,476, 849,476

PenColor FFFFFF
BrushColor -1
AngleTextOut -90, Arial, 10, 1038, 495, кассы
AngleTextOut -90, Arial, 10, 960, 438, кассы
AngleTextOut -90, Arial, 8, 958, 500, кассы на
AngleTextOut -90, Arial, 8, 953, 498, экспрессы
AngleTextOut -90, Arial, 6, 778, 486, авиа и ж/д кассы
AngleTextOut -90, Arial, 6, 861, 448, авиа и ж/д
AngleTextOut -90, Arial, 6, 857, 455, кассы
PenColor 000000
AngleTextOut 0, Arial, 10, 782, 439, зал ожидания

; контуры здания
PenColor 000000
Line 971,426, 764,426, 764,541, 877,541
Line 891,541, 903,541
Line 870,525, 877,525
Line 891,525, 903,525
Line 916,525, 924,525
Line 916,541, 1040,541, 1040,438
Line 1040,426, 1017,426
Line 870,541, 870,571
Line 924,571, 924,541
Stairs 870,569, 924,569, 870,552


;стрелки
PenColor FF0000
Arrow 1098,429, 1098,450
Arrow 1130,429, 1130,450
PenColor 009900
Arrow 910,539, 910,526
Arrow 884,539, 884,526
Arrow 994,441, 994,425


PenColor 000000
BrushColor -1
AngleTextOut 0, Arial, 25, 939, 357, Москва-Савёловская
AngleTextOut 0, Arial, 15, 746, 406, Савёловский вокзал
AngleTextOut -90, Arial, 15, 1127, 72, << Тимирязевская
AngleTextOut -90, Arial, 15, 934, 75, << Экспрессы до Лобни

; номера платформ
PenColor D0D0D0
AngleTextOut 0, Arial, 10, 1179, 323, пл.1
AngleTextOut 0, Arial, 10, 1109, 323, пл.2
AngleTextOut 0, Arial, 10, 989, 322, пл.3
AngleTextOut 0, Arial, 10, 918, 323, пл.4
AngleTextOut 0, Arial, 10, 1249, 323, пл.5

AngleTextOut -10, Arial, 10, 1160, 53, 1
AngleTextOut -10, Arial, 10, 1211, 62, 2
AngleTextOut -10, Arial, 10, 1141, 50, 3
AngleTextOut -10, Arial, 10, 1090, 41, 4
AngleTextOut -10, Arial, 10, 1022, 29, 7
AngleTextOut -10, Arial, 10, 971, 20, 8
AngleTextOut -10, Arial, 10, 950, 16, 9
AngleTextOut -10, Arial, 10, 897, 7, 10
AngleTextOut -10, Arial, 10, 1228, 65, 3а



; платформа
PenColor 000000
Line 892,426, 892,373, 912,353, 912,20
Line 941,27, 941,336, 983,336, 983,32
Line 1010,39, 1010,336, 1104,336, 1104,53
Line 1131,60, 1131,336, 1174,336, 1174,65
Line 1201,72, 1201,378, 1181,398, 1199,398
Line 1199,417, 1148,417, 1148,426
Line 1080,438, 1040,438
Line 1244,78, 1244,335, 1248,335, 1248,356
Line 1267,356, 1267,335, 1271,335, 1271,85
Stairs 1196,398, 1196,417, 1183,398
Stairs 1248,337, 1267,337, 1248,354

; Названия улиц голубым
PenColor 00AFAF
BrushColor -1
AngleTextOut -45, Arial, 15, 231, 675, Бутыраская ул
AngleTextOut -30, Arial, 15, 1498, 654, ТК Савёловский
AngleTextOut -10, Arial, 15, 1372, 938, Сущёвский Вал
AngleTextOut 60, Arial, 15, 1426, 370, 'ТК "Динамо" >>'

=====================================
; БКЛ


; пути
PenColor 000000
BrushColor 30D5C8
Polygon 88,976, 88,946, 537,946, 537,976
Polygon 88,1084, 88,1054, 537,1054, 537,1084

PenColor 30D5C8
BrushColor -1
AngleTextOut 0, Arial, 20, 91, 928, << Петровский парк
AngleTextOut 0, Arial, 20, 377, 1084, Марьина роща >>
AngleTextOut 0, Arial, 25, 208, 1002, Савёловская (БКЛ), 1

; левый вестибюль
PenColor 000000
Line 88,976, 88,992, 150,992, 150,1006, 74,1006, 74,847, 70,847
Line 88,1054, 88,1038, 150,1038, 150,1024, 3,1024, 3,1006, 35,1006, 35,847, 39,847
Line 136,701, 164,729, 137,756, 98,756, 98,702, 11,702, 11,756, 2,756, 2,741, -35,741, -35,814
Line -4,760, -16,760, 0.5
Line 146,691, 174,719, 0.5
Line 114,1010, 74,1010, 0.5
Stairs 112,1024, 112,1010, 74,1024
Line -21,814, -21,774, 0.5
Polygon 50,1005, 50,976, 59,976, 59,1005
Stairs -35,812, -21,812, -35,774
Stairs -14,774, -14,760, -4,774
Stairs 147,692, 137,702, 173,718

; турникеты
PenColor 000000
BrushColor -1
Polygon 78,721, 72,721, 72,727, 78,727
PenColor FF0000
Stairs 34,734, 34,730, 12,734
PenColor 009900
Stairs 82,726, 82,722, 97,726

; кассы
PenColor 000000
BrushColor -1
Line 98,754, 106,754, 106,728, 98,728
AngleTextOut -90, Arial, 10, 109, 729, кассы

;лифт
PenColor 000000
BrushColor D0EFFF
Polygon 139,732, 150,721, 161,732, 150,743
BrushColor -1
AngleTextOut 0, Arial, 6, 143, 729, лифт

;лифт
PenColor 000000
BrushColor D0EFFF
Polygon -35,756, -35,741, -20,741, -20,756
BrushColor -1
AngleTextOut 0, Arial, 6, -34, 744, лифт


 эскалатор 4 верт
PenColor 7F7F7F
Stairs 42,849, 67,849, 42,723
PenColor 000000
BrushColor 9B5509
Polygon 39,855, 39,719, 42,719, 42,855
Polygon 46,855, 46,719, 49,719, 49,855
Polygon 53,855, 53,719, 56,719, 56,855
Polygon 60,855, 60,719, 63,719, 63,855
Polygon 67,855, 67,719, 70,719, 70,855


Opaque 80
PenColor FFFFFF
BrushColor FFFFFF
Polygon 71,756, 38,756, 38,774, 71,774
Polygon 323,945, 341,945, 341,977, 323,977
Polygon 362,945, 380,945, 380,977, 362,977
Polygon 708,979, 740,979, 740,995, 708,995
Polygon 708,1004, 740,1004, 740,1021, 708,1021
Polygon 708,1029, 740,1029, 740,1047, 708,1047
Opaque 100

Line 39,719, 37,719, 37,756, 72,756, 72,719, 70,719
Line -17,814, -17,774, 145,774, 190,729, 149,688


;инфососы
PenColor 94949C
BrushColor 94949C
Polygon 32,706, 37,706, 37,704, 32,704
;Polygon 338,249, 343,249, 343,247, 338,247
;Polygon 340,140, 345,140, 345,138, 340,138
PenColor FF0000
BrushColor FF0000
Polygon 27,706, 32,706, 32,704, 27,704
;Polygon 343,249, 348,249, 348,247, 343,247
;Polygon 335,140, 340,140, 340,138, 335,138

;  правый вестибюль
PenColor 000000
Line 537,1054, 537,1040, 497,1040, 497,1036, 557,1036, 557,1034
Line 537,976, 537,990, 498,990, 498,994, 557,994, 557,996
Line 613,996, 613,992, 656,992, 705,979, 751,979
Line 751,995, 710,995, 668,1002, 668,1004, 711,1004, 751,1004
Line 751,1021, 711,1021, 668,1021, 668,1023, 711,1029, 751,1029
Line 751,1047, 705,1047, 656,1038, 613,1038, 613,1034
Line 751,1008, 711,1008, 0.5
Stairs 749,1047, 749,1029, 711,1047
Stairs 749,1021, 749,1008, 711,1021
Stairs 749,979, 749,995, 711,979

; эскалатор 4 гор
PenColor 7F7F7F
Stairs 555,999, 555,1031, 617,999
PenColor 000000
BrushColor 9B5509
Polygon 548,1031, 622,1031, 622,1034, 548,1034
Polygon 548,1026, 548,1022, 622,1022, 622,1026
Polygon 548,1017, 548,1013, 622,1013, 622,1017
Polygon 548,1008, 548,1004, 622,1004, 622,1008
Polygon 548,999, 622,999, 622,996, 548,996


; середина
Line 341,998, 341,904, 363,882, 378,897, 362,913, 362,998
Line 323,998, 323,897, 402,818, 406,822
Line 380,998, 380,920, 442,858, 436,852
Line 477,752, 472,747, 482,737, 456,711, 471,696, 453,678, 507,624, 507,567
Line 530,633, 507,656, 509,658, 517,650, 580,713, 571,722, 574,725, 521,778, 515,772
Line 337,998, 337,958, 0.5
Line 366,998, 366,958, 0.5
Stairs 380,996, 366,996, 380,958
Stairs 323,996, 337,996, 323,958

; турникеты
PenColor 000000
BrushColor -1
Line 504,754, 530,728, 510,708, 0.5
Polygon 509,699, 505,703, 509,707, 513,703
PenColor FF0000
Stairs 515,700, 512,697, 539,676
PenColor 009900
Stairs 506,709, 503,706, 481,734

;лифт
PenColor 000000
BrushColor D0EFFF
Polygon 492,622, 492,608, 507,608, 507,622
BrushColor -1
AngleTextOut 0, Arial, 6, 493, 612, лифт

; эскалатор 4 45
PenColor 7F7F7F
Stairs 407,826, 432,851, 488,745
PenColor 000000
BrushColor 9B5509
Polygon 401,828, 489,740, 491,742, 403,830
Polygon 407,834, 495,746, 498,749, 410,837
Polygon 414,841, 502,753, 505,756, 417,844
Polygon 421,848, 509,760, 512,763, 424,851
Polygon 428,855, 516,767, 518,769, 430,857

;инфососы
PenColor 94949C
BrushColor 94949C
Polygon 373,887, 370,884, 371,883, 374,886
Polygon 570,719, 573,716, 572,715, 569,718
;Polygon 340,140, 345,140, 345,138, 340,138
PenColor FF0000
BrushColor FF0000
Polygon 376,890, 373,887, 374,886, 377,889
Polygon 573,716, 576,713, 575,712, 572,715
;Polygon 335,140, 340,140, 340,138, 335,138

; кассы
PenColor 000000
BrushColor -1
Line 478,733, 472,739, 453,720, 459,714
AngleTextOut -45, Arial, 10, 462, 713, кассы



=====================================
; МЦД1
PenColor F6A800
Line 1233,82, 1233,326, 20
Line 1212,82, 1212,326, 20

PenColor F38F00
Railway 10, 14, 4, 1238,76, 1238,335
Railway 10, 14, 4, 1217,77, 1217,334

PenColor CCCCCC
Railway 10, 14, 4, 1238,335, 1240,512, 1248,757, 1241,847, 1225,923, 1205,971
Railway 10, 14, 4, 1217,334, 1216,511, 1207,763, 1183,921, 1147,1043, 1117,1118, 1096,1159

PenColor F38F00
BrushColor -1
AngleTextOut -90, Arial, 25, 1308, 84, Савёловская (МЦД-1), 1
AngleTextOut -90, Arial, 15, 1201, 231, Белорусская >>
AngleTextOut -90, Arial, 15, 1262, 96, << Тимирязевская

=====================================
;МЦД4
PenColor 3FB585
Line 1247,886, 1585,302, 20
Line 1295,902, 1628,325, 20

PenColor 259F68
Railway 10, 14, 4, 1590,304, 1247,896
Railway 10, 14, 4, 1633,328, 1295,912
PenColor CCCCCC
Railway 10, 14, 4, 1247,896, 1012,1306
Railway 10, 14, 4, 1295,912, 1062,1316

PenColor FFFFFF
BrushColor FFFFFF
Polygon 1376,693, 1393,703, 1375,734, 1358,724
PenColor 000000

Line 1376,693, 1358,724, 1375,734, 1393,703
Stairs 1375,695, 1392,705, 1358,724

; кассы
PenColor 000000
BrushColor 808080
Polygon 1421,617, 1499,482, 1516,492, 1438,627
PenColor FFFFFF
BrushColor -1
AngleTextOut 60, Arial, 20, 1441, 577, Кассы

PenColor 259F68
BrushColor -1
AngleTextOut 60, Arial, 25, 1338, 627, Савёловская (МЦД-4), 1
AngleTextOut 60, Arial, 15, 1254, 889, << Белорусская
AngleTextOut 60, Arial, 15, 1545, 411, Марьина роща >>


=====================================
; Выходы
Angle -10
PenColor FFD900
BrushColor 615F56
SpotRect 551, 599, 30, 30, ShowMessage Выход №1
SpotRect 1115, 502, 30, 30
SpotRect 1293, 558, 30, 30
SpotRect 1499, 628, 30, 30
SpotRect 1455, 758, 30, 30
SpotRect 167, 764, 30, 30
SpotRect 9, 966, 30, 30
BrushColor -1
TextOut Arial, 25, 559, 600, 1
TextOut Arial, 25, 1123, 503, 2
TextOut Arial, 25, 1301, 559, 3
TextOut Arial, 25, 1507, 629, 4
TextOut Arial, 25, 1463, 759, 5
TextOut Arial, 25, 175, 765, 6
TextOut Arial, 25, 17, 967, 7
