Size 460x1100

Angle 90

; пути

BrushColor 34349C
Polygon 9,425, 9,395, 459,395, 459,425
Polygon 9,535, 9,505, 459,505, 459,535

PenColor 34349C
BrushColor -1
AngleTextOut 0, Arial, 20, 14, 372, << Первомайская
AngleTextOut 0, Arial, 20, 329, 535, посадки нет >>
AngleTextOut 0, Arial, 25, 161, 441, Щёлковская, 1

;инфососы
PenColor 34349C
BrushColor 34349C
Polygon 253,467, 253,471, 251,471, 251,467
PenColor FF0000
BrushColor FF0000
Polygon 253,463, 253,467, 251,467, 251,463

; левый вестибюль

PenColor 000000
Line 9,506, 9,492, -48,492, -48,523, -131,523, -131,589, -189,589
Line -189,571, -149,571, -149,362, -189,362
Line -189,344, -131,344, -131,407, -48,407, -48,438, 9,438, 9,425
Line -189,585, -149,585, 0.5
Stairs -187,362, -187,344, -149,362
Stairs -187,571, -187,585, -149,571
Stairs -33,438, -33,492, 4,438

BrushColor D0D0D0
Polygon -131,433, -118,433, -118,501, -131,501

; кассы
BrushColor FFFFFF
Polygon -126,454, -126,482, -118,482, -118,454
BrushColor -1
AngleTextOut -90, Arial, 10, -116, 456, кассы

; турникеты
BrushColor -1
Line -48,435, -78,435, 0.5
Polygon -81,434, -76,437, -79,442, -84,439
Line -102,520, -102,523, 0.5
Line -118,484, -104,484, 0.5
PenColor 009900
Stairs -86,443, -82,445, -104,482
PenColor FF0000
Stairs -104,484, -100,484, -104,521

; стрелки
PenColor FF0000
Arrow -118,512, -133,512
PenColor 009900
Arrow -133,420, -118,420

;инфососы
PenColor 34349C
BrushColor 34349C
Polygon 33,438, 38,438, 38,436, 33,436
PenColor FF0000
BrushColor FF0000
Polygon 28,438, 33,438, 33,436, 28,436


; правый вестибюль

PenColor 000000
Line 429,344, 489,344, 489,338, 583,338, 583,344, 643,344
Line 429,362, 502,362, 512,372, 512,395, 508,395, 508,437, 459,437, 459,425
Line 459,506, 459,492, 508,492, 508,536, 512,536, 512,560, 502,570, 451,570, 438,583, 438,634
Line 456,634, 456,591, 459,588, 489,588, 489,594, 583,594, 583,588, 643,588
Line 643,570, 572,570, 562,560, 562,495, 573,495, 573,434, 562,434, 562,372, 572,362, 643,362
Line 429,358, 469,358, 0.5
Line 643,348, 603,348, 0.5
Line 643,574, 603,574, 0.5
Line 442,634, 442,594, 0.5
Line 462,574, 482,574, 0.5
Stairs 456,632, 442,632, 456,594
Stairs 464,574, 464,588, 482,574
Stairs 641,574, 641,588, 603,574
Stairs 465,437, 465,492, 503,437
Stairs 431,344, 431,358, 469,344
Stairs 641,348, 641,362, 603,348

; кассы
BrushColor -1
Line 573,446, 585,446, 585,485, 573,485
AngleTextOut -90, Arial, 15, 588, 447, кассы

; турникеты
BrushColor -1
Line 536,373, 536,449, 0.5
Line 536,560, 536,491, 0.5
Polygon 539,490, 532,490, 532,483, 539,483
PenColor 009900
Stairs 538,478, 533,478, 538,449
PenColor FF0000
Stairs 535,444, 532,447, 511,420
Stairs 511,514, 508,511, 532,493

; стрелки
PenColor FF0000
Arrow 518,436, 528,426
Arrow 516,499, 528,511
PenColor 009900
Arrow 549,373, 549,396
Arrow 540,464, 525,464
Arrow 549,560, 549,537


; Названия улиц голубым
PenColor 00AFAF
BrushColor -1
AngleTextOut -90, Arial, 15, 770, 628, Центральный автовокзал
AngleTextOut -90, Arial, 15, 540, 634, Щёлковское шоссе
AngleTextOut 0, Arial, 15, -303, 462, 9-я Парковая улица
AngleTextOut 0, Arial, 15, 639, 461, Уральская улица
AngleTextOut 0, Arial, 15, -301, 599, '<< Кинотеатр "София"'
AngleTextOut 0, Arial, 15, -302, 619, '<<Универмаг "Первомайский"'

; Выходы
Angle -90
PenColor FFD900
BrushColor 615F56
SpotRect 21, 364, 30, 30, ShowMessage Выход №1
SpotRect 52, 141, 30, 30
SpotRect 212, 136, 30, 30
SpotRect 281, 345, 30, 30
SpotRect 48, 949, 30, 30
SpotRect 215, 947, 30, 30
BrushColor -1
TextOut Arial, 25, 29, 365, 1
TextOut Arial, 25, 60, 142, 2
TextOut Arial, 25, 220, 137, 3
TextOut Arial, 25, 289, 346, 4
TextOut Arial, 25, 56, 950, 5
TextOut Arial, 25, 223, 948, 6
