Size 1100x950

;==============================

; пути
BrushColor FCDC04
Polygon 816,661, 366,661, 366,631, 816,631
Polygon 366,771, 366,741, 816,741, 816,771

BrushColor -1
PenColor 000000
AngleTextOut 0, Arial, 20, 371, 607, << Авиамоторная
AngleTextOut 0, Arial, 20, 726, 770, Перово >>
AngleTextOut 0, Arial, 25, 477, 672, Шоссе Энтузиастов, 1
PenColor FCDC04
AngleTextOut 0, Arial, 20, 370, 606, << Авиамоторная
AngleTextOut 0, Arial, 20, 725, 769, Перово >>
AngleTextOut 0, Arial, 25, 475, 670, Шоссе Энтузиастов, 1

;инфосос
PenColor 34349C
BrushColor 34349C
Polygon 590,702, 590,698, 591,698, 591,702
PenColor FF0000
BrushColor FF0000
Polygon 590,706, 590,702, 591,702, 591,706


; левый вестибюль

PenColor 000000
Line 366,741, 366,729, 451,729, 451,716, 445,716, 445,685, 451,685, 451,673, 366,673, 366,661


; правый вестибюль

Line 816,741, 816,734, 727,734, 727,727, 744,727, 744,720
Line 828,720, 828,729, 867,729, 879,741, 879,780, 968,780, 968,770, 991,770, 991,780, 1018,780, 1018,822
Line 1036,822, 1036,780, 1041,780, 1041,616, 1036,616, 1018,598, 1018,450, 1058,450
Line 1058,432, 1018,432, 1018,402, 1058,402
Line 1058,384, 960,384
Line 960,403, 1000,403, 1000,606, 1011,617, 1011,622, 991,622, 991,632, 968,632, 968,622, 879,622, 879,662, 867,674, 828,674, 828,683
Line 744,683, 744,676, 727,676, 727,669, 816,669, 816,661
Line 959,388, 1000,388, 0.5
Stairs 1018,820, 1036,820, 1018,782
Stairs 1000,598, 1018,598, 1000,584
Stairs 1056,450, 1056,432, 1018,450
Stairs 1056,402, 1056,384, 1018,402
Stairs 962,403, 962,388, 1000,403

BrushColor D0D0D0
Polygon 968,744, 968,659, 991,659, 991,744

; кассы
BrushColor FFFFFF
Polygon 968,684, 976,684, 976,718, 968,718
BrushColor -1
AngleTextOut -90, Arial, 10, 978, 688, кассы

; турникеты
BrushColor -1
Line 879,662, 894,677, 0.5
Polygon 936,721, 942,721, 942,727, 936,727
Line 939,767, 939,780, 0.5
Line 942,727, 968,727, 0.5
PenColor 009900
Stairs 896,676, 893,679, 938,718
PenColor FF0000
Stairs 941,731, 937,731, 941,768

; эскалатор 3
PenColor 7F7F7F
Stairs 834,716, 834,687, 740,716
PenColor 000000
BrushColor 9B5509
Polygon 841,687, 734,687, 734,683, 841,683
Polygon 841,694, 841,698, 734,698, 734,694
Polygon 841,705, 841,709, 734,709, 734,705
Polygon 841,716, 734,716, 734,720, 841,720

;инфосос
PenColor 34349C
BrushColor 34349C
Polygon 913,776, 909,776, 909,777, 913,777
PenColor FF0000
BrushColor FF0000
Polygon 917,776, 913,776, 913,777, 917,777


; Названия улиц голубым
PenColor 00AFAF
BrushColor -1
PenColor 00AFAF
AngleTextOut 0, Arial, 15, 1019, 409, трамвайные пути
AngleTextOut 0, Arial, 15, 981, 844, Кусковский сквер
AngleTextOut 0, Arial, 15, 806, 498, Шоссе Энтузиастов
AngleTextOut 0, Arial, 15, 164, 511, Шоссе Энтузиастов
AngleTextOut -90, Arial, 15, 384, 328, СВХ
AngleTextOut -90, Arial, 15, 815, 816, Электродная улица
Dashed 942,395, 619,394, 509,284, 509,248

; стрелки
PenColor FF0000
Arrow 964,757, 981,757
PenColor 009900
Arrow 944,663, 930,677

;================================
; МЦК

; островная

PenColor 000000
Line 41,134, 41,174, 498,174, 498,69, 521,69, 521,154
Line 511,154, 511,79, 508,79, 508,174, 519,174, 519,238
Line 501,238, 501,198, 212,198, 212,238
Line 150,238, 150,198, 43,198, 43,303, 20,303, 20,218
Line 30,218, 30,293, 33,293, 33,198, 23,198, 23,134
Line 195,399, 195,363
Line 171,399, 171,363
Line 150,363
Line 212,401, 204,401, 204,363, 150,363
Line 178,236, 168,236
Line 184,236, 194,236
Line 208,238, 208,198, 0.5
Stairs 23,136, 41,136, 23,174
Stairs 150,236, 168,236, 150,198
Stairs 194,236, 208,236, 194,198
Stairs 519,236, 501,236, 519,198
Stairs 171,365, 195,365, 171,399
Stairs 176,236, 176,225, 167,236
Stairs 186,236, 186,225, 195,236

BrushColor D0D0D0
Polygon 168,225, 194,225, 194,198, 168,198
Polygon 193,311, 196,311, 196,288, 199,288, 199,251, 164,251, 164,288, 167,288, 167,311, 170,311, 170,257, 193,257

; эскалатор 2 верт
PenColor 7F7F7F
Stairs 175,306, 188,306, 175,271
PenColor 000000
BrushColor 9B5509
Polygon 175,267, 175,311, 172,311, 172,267
Polygon 180,267, 183,267, 183,311, 180,311
Polygon 188,267, 188,311, 191,311, 191,267

; туалет
PenColor 000000
BrushColor 99FF99
Polygon 152,363, 161,363, 161,372, 152,372
BrushColor -1
AngleTextOut 0, Arial, 10, 154, 362, Т

; турникеты
Polygon 162,295, 162,290, 157,290, 157,295
PenColor 009900
Stairs 200,359, 204,359, 200,290
PenColor FF0000
Stairs 158,299, 162,299, 158,317
Stairs 158,318, 158,322, 150,318

;стрелки
PenColor FF0000
Arrow 157,257, 157,243
PenColor 009900
Arrow 205,243, 205,257

;инфосос
PenColor 94949C
BrushColor 94949C
Polygon 172,414, 172,410, 170,410, 170,414
PenColor FF0000
BrushColor FF0000
Polygon 172,418, 172,414, 170,414, 170,418
;


Opaque 80
PenColor FFFFFF
BrushColor FFFFFF
Polygon 150,20, 150,289, 171,289, 171,265, 192,265, 192,289, 212,309, 212,20
Polygon 150,289, 212,289, 212,402, 200,402, 200,383, 166,383, 166,402, 150,402
;Пути
PenColor DE7272
Line 222,385, 222,30, 20
Line 140,438, 140,83, 20
PenColor D56060
Dashed 222,385, 222,30, 13
Dashed 140,438, 140,83, 13
Opaque 100

PenColor 000000
Line 150,20, 212,20, 212,448, 150,448, 150,20
Line 191,267, 193,267, 193,289, 170,289, 170,267, 172,267
Line 171,399, 169,399, 169,383, 197,383, 197,399, 195,399

;лифт
PenColor 000000
BrushColor D0EFFF
Polygon 174,346, 174,331, 189,331, 189,346
BrushColor -1
AngleTextOut 0, Arial, 6, 175, 335, лифт

BrushColor -1
PenColor DE7272
AngleTextOut -90, Arial, 25, 297, 104, Шоссе Энтузиастов (МЦК), 1
AngleTextOut -90, Arial, 20, 255, 8, << Соколиная Гора
AngleTextOut -90, Arial, 20, 132, 316, Андроновка >>
;================================

; Выходы
PenColor FFD900
BrushColor 615F56
SpotRect 1040, 791, 30, 30, ShowMessage Выход №1
SpotRect 1025, 454, 30, 30
SpotRect 960, 350, 30, 30
SpotRect 1024, 350, 30, 30
BrushColor -1
TextOut Arial, 25, 1048, 792, 1
TextOut Arial, 25, 1033, 455, 2
TextOut Arial, 25, 968, 351, 3
TextOut Arial, 25, 1032, 351, 4

; Выходы
PenColor FFD900
BrushColor 615F56
SpotRect 466, 208, 30, 30, ShowMessage Выход №1
SpotRect 46, 135, 30, 30
BrushColor -1
TextOut Arial, 25, 474, 209, 1
TextOut Arial, 25, 54, 136, 2
