Size 580x960
Angle 20


; нижний уровень

; затемнение платформ
PenColor EEEEEE
BrushColor EEEEEE
;СЛ
Polygon -46,750, 111,750, 111,770, 53,770, 53,808, 112,808, 112,830, -46,830
Polygon 181,770, 181,750, 404,750, 404,770, 368,770, 368,808, 404,808, 404,830, 181,830, 181,808, 239,808, 239,770
;БКЛ
Polygon 330,106, 326,106, 325,91, 330,91
Polygon 330,65, 325,65, 326,52, 386,53, 386,55, 330,54
Polygon 400,52, 403,52, 403,106, 400,106
Polygon 326,124, 350,124, 350,154, 380,154, 380,124, 403,124, 403,129, 325,129
Polygon 325,249, 325,147, 403,147, 403,249, 373,249, 373,208, 355,208, 355,249
Polygon 355,293, 325,293, 325,445, 403,445, 403,293, 373,293, 373,325, 355,325
Polygon 325,470, 325,463, 403,463, 403,470, 378,470, 378,438, 348,438, 348,470

; пути

;СЛ
PenColor 000000
BrushColor E41C0C
Polygon -46,720, 404,720, 404,750, -46,750
Polygon -46,830, 404,830, 404,860, -46,860
;БКЛ
BrushColor 30D5C8
Polygon 325,501, 295,501, 295,52, 325,52
Polygon 433,501, 403,501, 403,52, 433,52

; станция

PenColor 000000
Line -46,830, -46,750
Line 404,770, 404,750
Line 404,830, 404,808
; пути
PenColor 000000
Line 325,501, 332,501
Line 380,501, 403,501



;БКЛ
; эскалатор 3 верт
PenColor 7F7F7F
Stairs 353,149, 377,149, 353,92
PenColor 000000
BrushColor 9B5509
Polygon 350,154, 350,89, 353,89, 353,154
Polygon 358,154, 358,89, 362,89, 362,154
Polygon 368,154, 368,89, 372,89, 372,154
Polygon 377,154, 377,89, 380,89, 380,154

; эскалатор 3 верт
PenColor 7F7F7F
Stairs 351,498, 375,498, 351,442
PenColor 000000
BrushColor 9B5509
Polygon 348,504, 348,438, 351,438, 351,504
Polygon 356,504, 356,438, 360,438, 360,504
Polygon 366,504, 366,438, 370,438, 370,504
Polygon 375,504, 375,438, 378,438, 378,504

;инфососы
PenColor 94949C
BrushColor 94949C
Polygon 364,167, 359,167, 359,165, 364,165
PenColor FF0000
BrushColor FF0000
Polygon 369,167, 364,167, 364,165, 369,165

;инфососы
PenColor 94949C
BrushColor 94949C
Polygon 365,384, 370,384, 370,382, 365,382
PenColor FF0000
BrushColor FF0000
Polygon 360,384, 365,384, 365,382, 360,382



; средний уровень

Opaque 80
PenColor FFFFFF
BrushColor FFFFFF
Polygon 294,445, 434,445, 434,463, 294,463
Polygon 294,249, 434,249, 434,293, 294,293
Polygon 294,129, 434,129, 434,147, 294,147
Polygon 294,106, 406,106, 406,124, 294,124
Polygon 325,91, 322,91, 322,65, 325,65
Polygon 181,751, 181,719, 111,719, 111,751
Polygon 181,829, 181,860, 112,860, 112,829
Opaque 100

Line 384,568, 459,568, 459,129, 270,129, 270,568, 342,568
Line 288,463, 441,463, 441,545, 288,545, 288,463

;СЛ бежевый выход
PenColor 000000
Line 223,590, 223,533, 170,533
Line 122,533, 69,533, 69,591
Line 206,565, 163,565, 163,581, 206,581, 206,549, 172,549
Line 120,549, 86,549, 86,581, 129,581, 129,565, 86,565
Stairs 86,565, 86,549, 119,565
Stairs 120,549, 120,533, 90,549
Stairs 206,565, 206,549, 173,565
Stairs 172,549, 172,533, 202,549


; верхний уровень

Opaque 80
PenColor FFFFFF
BrushColor FFFFFF
Polygon 390,544, 410,544, 410,569, 390,569
Polygon 269,488, 269,470, 460,470, 460,488, 410,488, 410,494, 419,494, 419,502, 380,502, 380,488, 346,488, 346,502, 317,502, 317,488
Opaque 100



; центральные лестницы

PenColor 000000
Line 239,770, 181,770, 181,720, 176,720
Line 53,770, 111,770, 111,720, 116,720
Line 53,808, 112,808, 112,860, 181,860, 181,808, 239,808
Stairs 235,770, 235,808, 181,770
Stairs 55,808, 55,770, 112,808

;инфосос
PenColor 34349C
BrushColor 34349C
Polygon 147,813, 147,817, 149,817, 149,813
PenColor FF0000
BrushColor FF0000
Polygon 147,809, 147,813, 149,813, 149,809


; переход в вестибюль

PenColor 000000
Line 116,720, 116,657
Line 176,720, 176,714, 239,714, 318,677, 411,677, 411,770, 368,770
Line 368,808, 411,808, 411,855, 436,855, 436,652, 410,652
Line 390,652, 384,652, 384,568
Line 342,568, 342,652, 325,652, 231,696, 176,696, 176,657

; стрелки
PenColor FF0000
Arrow 126,739, 126,723
Arrow 168,738, 168,722
PenColor 009900
Arrow 146,677, 146,695


; вестибюль

;;;;;;;;;;;;;;;;;Выход СЛ
PenColor 000000
Line 230,551, 232,551, 232,530, 166,530, 166,535, 168,535
Line 168,541, 166,541, 166,567, 232,567, 232,559, 230,559
Line 124,535, 126,535, 126,530, 61,530, 61,551, 63,551
Line 63,559, 61,559, 61,567, 126,567, 126,541, 124,541


PenColor 000000
Spline 223,590, 209,632, 176,657
Spline 69,591, 83,632, 116,657
Spline 206,581, 198,612, 182,631
Spline 86,581, 94,611, 110,631
Stairs 97,646, 110,631, 87,637
Stairs 195,646, 182,631, 205,638
Stairs 129,579, 163,579, 129,570

BrushColor D0D0D0
Polygon 144,567, 148,567, 148,581, 144,581

; кассы
BrushColor -1
Line 96,581, 96,573, 123,573, 123,581
Line 169,581, 169,573, 196,573, 196,581
AngleTextOut 0, Arial, 10, 97, 570, кассы
AngleTextOut 0, Arial, 10, 170, 570, кассы

; туалет
BrushColor 99FF99
Polygon 143,860, 143,849, 154,849, 154,860
BrushColor -1
AngleTextOut 0, Arial, 10, 145, 848, Т


; турникеты
BrushColor -1
Polygon 153,694, 153,700, 159,700, 159,694
Line 136,708, 136,646, 130,631, 0.5
Line 156,693, 156,646, 162,631, 0.5
PenColor 009900
Stairs 149,700, 152,703, 135,712
PenColor FF0000
Stairs 160,689, 160,693, 173,689
Stairs 120,710, 120,714, 133,710

; стрелки
PenColor FF0000
Arrow 220,555, 236,555
Arrow 72,555, 57,555
Arrow 108,641, 92,627
Arrow 184,641, 200,627
PenColor 009900
Arrow 134,526, 134,538, 115,538
Arrow 120,560, 136,560, 136,587
Arrow 158,526, 158,538, 176,538
Arrow 173,560, 156,560, 156,587
Arrow 146,622, 146,638

PenColor 000000
BrushColor -1
AngleTextOut 0, Arial, 10, 99, 599, Подземный вестибюль

;инфосос
PenColor 34349C
BrushColor 34349C
Polygon 107,623, 104,620, 103,621, 106,624
PenColor FF0000
BrushColor FF0000
Polygon 110,626, 107,623, 106,624, 109,627

===================================
; БКЛ

; вокруг

PenColor 000000
Line 355,325, 355,293, 288,293, 288,445, 441,445, 441,293, 373,293, 373,325
Line 355,208, 355,249, 288,249, 288,147, 441,147, 441,249, 373,249, 373,208
Line 359,325, 359,293, 0.5
Line 315,289, 355,289, 0.5
Stairs 355,210, 373,210, 355,249
Stairs 359,323, 373,323, 359,293
Stairs 411,249, 411,267, 373,249
Stairs 411,275, 411,293, 373,275
Stairs 317,249, 317,267, 355,249
Stairs 317,275, 317,289, 354,275
BrushColor D0D0D0
Polygon 373,267, 373,275, 413,275, 413,267
Polygon 315,267, 315,275, 354,275, 354,267

; север

Line 350,89, 347,89, 347,106, 383,106, 383,89, 380,89
Line 169,-1, 169,60, 233,124, 406,124, 406,106, 400,106, 400,52
Line 386,52, 386,55, 330,55, 330,106, 243,106, 187,50, 187,-1
Line 403,52, 400,52, 400,38, 386,38
Line 371,52, 325,52
Line 173,-1, 173,39, 0.5
Stairs 187,1, 173,1, 187,39
PenColor D0D0D0
Line 400,52, 387,52

;лифт
PenColor 000000
BrushColor D0EFFF
Polygon 154,55, 154,41, 169,41, 169,55
BrushColor -1
AngleTextOut 0, Arial, 6, 155, 45, лифт

;лифт
PenColor 000000
BrushColor D0EFFF
Polygon 371,52, 371,38, 386,38, 386,52
BrushColor -1
AngleTextOut 0, Arial, 6, 372, 42, лифт

; турникеты
PenColor 009900
Stairs 340,86, 344,86, 340,61
PenColor FF0000
Stairs 398,95, 398,99, 383,95

; кассы
PenColor 000000
BrushColor -1
Line 330,65, 322,65, 322,91, 330,91
AngleTextOut -90, Arial, 10, 334, 66, кассы



; переход / юг

Line 226,459, 186,459, 186,496, 219,496, 245,470, 482,470, 482,524, 494,524
Line 494,551, 464,551, 464,488, 410,488, 410,652
Line 390,652, 390,542, 317,542
Line 378,504, 380,504, 380,488, 346,488, 346,504, 348,504
Line 317,542, 317,488, 253,488, 230,511, 168,511, 168,441, 226,441
Line 563,524, 567,524, 567,530
Line 567,545, 567,551, 563,551
Line 226,456, 186,456, 0.5
Line 432,720, 432,681, 0.5
Line 230,700, 200,700, 0.5
Stairs 224,441, 224,456, 186,441
Stairs 370,808, 370,770, 408,808
Stairs 411,719, 432,719, 411,681
Stairs 202,700, 202,714, 230,700

; эскалатор 4 верт
PenColor 7F7F7F
Stairs 347,637, 379,637, 347,571
PenColor 000000
BrushColor 9B5509
Polygon 344,642, 344,568, 347,568, 347,642
Polygon 352,642, 352,568, 356,568, 356,642
Polygon 361,642, 361,568, 365,568, 365,642
Polygon 370,642, 370,568, 374,568, 374,642
Polygon 379,642, 379,568, 382,568, 382,642

; эскалатор 3 гор
PenColor 7F7F7F
Stairs 501,527, 501,548, 558,527
PenColor 000000
BrushColor 9B5509
Polygon 494,548, 563,548, 563,551, 494,551
Polygon 494,543, 494,540, 563,540, 563,543
Polygon 494,535, 494,532, 563,532, 563,535
Polygon 494,527, 563,527, 563,524, 494,524


;лифт
PenColor 000000
BrushColor D0EFFF
Polygon 459,470, 459,456, 474,456, 474,470
BrushColor -1
AngleTextOut 0, Arial, 6, 460, 460, лифт

;лифт
PenColor 000000
BrushColor D0EFFF
Polygon 332,515, 332,501, 347,501, 347,515
BrushColor -1
AngleTextOut 0, Arial, 6, 333, 505, лифт

;лифт
PenColor 000000
BrushColor D0EFFF
Polygon 184,440, 184,426, 199,426, 199,440
BrushColor -1
AngleTextOut 0, Arial, 6, 185, 430, лифт

; кассы
PenColor 000000
BrushColor -1
Line 410,524, 419,524, 419,494, 410,494
AngleTextOut -90, Arial, 10, 422, 495, кассы

; турникеты
PenColor 009900
Stairs 380,539, 384,539, 380,506
Stairs 393,546, 393,550, 408,546
PenColor FF0000
Stairs 344,491, 344,495, 318,491

;инфососы
PenColor 94949C
BrushColor 94949C
Polygon 323,517, 323,513, 321,513, 321,517
PenColor FF0000
BrushColor FF0000
Polygon 323,521, 323,517, 321,517, 321,521

;инфососы
PenColor 94949C
BrushColor 94949C
Polygon 309,565, 304,565, 304,563, 309,563
PenColor FF0000
BrushColor FF0000
Polygon 314,565, 309,565, 309,563, 314,563

; стрелки
PenColor 000000
Arrow 288,680, 309,670
Arrow 388,670, 404,670
Arrow 404,661, 388,661
Arrow 177,706, 196,706

===================================

; Названия станций

;СЛ
PenColor 000000
BrushColor -1
AngleTextOut 0, Arial, 25, 82, 745, Сокольники, 1
PenColor E41C0C
AngleTextOut 0, Arial, 20, -50, 697, << Красносельская
AngleTextOut 0, Arial, 20, 156, 860, Преображенская площадь >>
AngleTextOut 0, Arial, 25, 81, 744, Сокольники, 1

;БКЛ
PenColor 000000
BrushColor -1
AngleTextOut -90, Arial, 25, 509, 212, Сокольники (БКЛ), 1
PenColor 30D5C8
AngleTextOut -90, Arial, 20, 272, 278, Электрозаводская >>
AngleTextOut -90, Arial, 20, 485, 54, << Рижская
AngleTextOut -90, Arial, 25, 510, 211, Сокольники (БКЛ), 1



; Названия улиц голубым
PenColor 00AFAF
BrushColor -1
AngleTextOut -90, Arial, 15, 260, -35, '<< ПКиО "Сокольники"'
AngleTextOut 0, Arial, 15, -154, 602, << МЦД-3 Митьково\n(650м по  Русаковской улице)
AngleTextOut 0, Arial, 15, 453, 746, ул. Стромынка
AngleTextOut 0, Arial, 15, -187, 740, ул. Русаковская

; Выходы
Angle -20
PenColor FFD900
BrushColor 615F56
SpotRect 56, 605, 30, 30, ShowMessage Выход №1
SpotRect 273, 573, 30, 30
SpotRect 186, 428, 30, 30
SpotRect 531, 391, 30, 30
SpotRect 42, 57, 30, 30
BrushColor -1
TextOut Arial, 25, 64, 606, 1
TextOut Arial, 25, 281, 574, 2
TextOut Arial, 25, 194, 429, 3
TextOut Arial, 25, 539, 392, 4
TextOut Arial, 25, 50, 58, 5
