Size 1600x1700
Angle 35

PenColor F5F5F5
Line 82,496, 876,1874, 31
Line -121,766, 349,1581, 40
Line 502,1146, 824,828, 20

; пути

PenColor 000000
BrushColor E41C0C
Polygon 1134,629, 1134,599, 1584,599, 1584,629
Polygon 1134,739, 1134,709, 1584,709, 1584,739

PenColor E41C0C
BrushColor -1
AngleTextOut 0, Arial, 20, 1135, 576, << Воробьёвы горы
AngleTextOut 0, Arial, 20, 1456, 738, Фрунзенская >>
AngleTextOut 0, Arial, 25, 1262, 639, Спортивная, 1

;инфосос
PenColor 34349C
BrushColor 34349C
Polygon 1358,671, 1358,667, 1359,667, 1359,671
PenColor FF0000
BrushColor FF0000
Polygon 1358,675, 1358,671, 1359,671, 1359,675


; левый вестибюль

;Здания беж
PenColor DDDDDD
BrushColor FEFBF1
Polygon 799,764, 939,624, 947,617, 957,611, 968,607, 981,605, 991,605, 1003,608, 1013,612, 1023,618, 1030,624, 1036,632, 1041,640, 1045,649, 1048,658, 1049,669, 1048,680, 1045,689, 1041,699, 1035,708, 1029,715, 890,855

PenColor 000000
BrushColor D0D0D0
Polygon 942,725, 930,713, 913,730, 903,744, 911,752, 924,743
Polygon 868,791, 864,787, 881,766, 889,774
Polygon 848,813, 842,807, 850,799, 856,805
Polygon 799,764, 824,789, 832,781, 829,778, 861,746, 850,735, 873,712, 880,719, 892,711, 921,682, 920,671, 921,660, 923,650, 927,640, 932,632, 939,624
Polygon 890,855, 867,832, 875,824, 878,827, 910,795, 915,800, 938,777, 937,776, 945,764, 976,733, 987,733, 1000,731, 1011,727, 1020,722, 1029,715

PenColor 000000
Line 1134,629, 1134,639, 1223,639, 1223,650, 1134,650
Line 1134,688, 1223,688, 1223,699, 1134,699, 1134,709
Spline 976,733, 1000,731, 1020,722, 1035,708, 1045,689
Spline 1045,649, 1036,632, 1023,618, 1003,608, 981,605, 957,611, 939,624, 927,640, 921,660, 921,682

; эскалатор 4 гор
PenColor 7F7F7F
Stairs 1127,685, 1127,653, 1019,685
PenColor 000000
BrushColor 9B5509
Polygon 1134,653, 1014,653, 1014,650, 1134,650
Polygon 1134,658, 1134,662, 1014,662, 1014,658
Polygon 1134,667, 1134,671, 1014,671, 1014,667
Polygon 1134,676, 1134,680, 1014,680, 1014,676
Polygon 1134,685, 1014,685, 1014,688, 1134,688

; кассы
BrushColor FFFFFF
Line 915,800, 938,777
Polygon 938,777, 944,783, 921,806, 915,800
BrushColor -1
AngleTextOut 45, Arial, 10, 916, 796, кассы

; турникеты
BrushColor -1
Line 1014,662, 993,662, 984,671, 0.5
Line 907,748, 885,770, 0.5
Polygon 990,681, 986,677, 990,673, 994,677
Line 988,675, 980,667, 0.5
Line 942,629, 938,625, 0.5
PenColor 009900
Stairs 1025,714, 1028,711, 992,682
PenColor FF0000
Stairs 978,668, 981,665, 940,630

; стрелки
PenColor FF0000
Arrow 1183,663, 1163,663
Arrow 948,675, 936,687
PenColor 009900
Arrow 1163,676, 1184,676
Arrow 968,718, 980,706

;инфосос
PenColor 94949C
BrushColor 94949C
Polygon 983,612, 987,612, 987,613, 983,613
PenColor FF0000
BrushColor FF0000
Polygon 979,612, 983,612, 983,613, 979,613


; правый вестибюль

;Здания беж
PenColor DDDDDD
BrushColor FEFBF1
Polygon 1608,540, 1797,540, 1797,798, 1608,798

PenColor D0D0D0
BrushColor D0D0D0
Polygon 1608,540, 1797,540, 1797,798, 1608,798, 1608,786, 1638,786, 1638,794, 1726,794, 1726,757, 1724,757, 1724,731, 1734,728, 1744,722, 1752,717, 1759,709, 1765,701, 1769,692, 1773,682, 1774,671, 1774,660, 1771,649, 1768,639, 1762,631, 1756,623, 1749,617, 1737,609, 1725,606, 1725,579, 1735,579, 1735,544, 1638,544, 1638,551, 1608,551
Polygon 1608,649, 1608,582, 1682,582, 1682,579, 1693,579, 1693,606, 1681,610, 1671,617, 1663,623, 1658,631, 1653,638, 1649,649
Polygon 1608,689, 1608,754, 1682,754, 1682,757, 1697,757, 1697,731, 1684,727, 1676,722, 1667,716, 1659,707, 1652,697, 1650,689

PenColor 000000
Line 1584,709, 1584,698, 1424,698, 1424,689, 1502,689
Line 1584,629, 1584,640, 1425,640, 1425,649, 1502,649

Line 1693,606, 1693,579, 1682,579, 1682,582, 1608,582, 1608,649
Line 1608,689, 1608,754, 1682,754, 1682,757, 1697,757, 1697,731
Line 1724,731, 1724,757, 1726,757, 1726,794, 1638,794, 1638,786, 1608,786, 1608,798, 1797,798, 1797,540, 1608,540, 1608,551, 1638,551, 1638,544, 1735,544, 1735,579, 1725,579, 1725,606
Spline 1697,731, 1676,722, 1659,707, 1650,689
Spline 1649,649, 1658,631, 1671,617, 1693,606
Spline 1725,606, 1737,610, 1749,617, 1762,631, 1771,649, 1774,671, 1769,692, 1759,709, 1744,722, 1724,731


; эскалатор 3 гор
PenColor 7F7F7F
Stairs 1670,686, 1670,652, 1507,686
PenColor 000000
BrushColor 9B5509
Polygon 1677,652, 1502,652, 1502,649, 1677,649
Polygon 1677,660, 1677,665, 1502,665, 1502,660
Polygon 1677,673, 1677,678, 1502,678, 1502,673
Polygon 1677,686, 1502,686, 1502,689, 1677,689

; кассы
BrushColor FFFFFF
Polygon 1726,757, 1735,757, 1735,794, 1726,794
BrushColor -1
AngleTextOut -90, Arial, 10, 1738, 762, кассы

; турникеты
BrushColor -1
Polygon 1674,717, 1673,712, 1678,711, 1679,716
Line 1677,675, 1773,675, 0.5
PenColor 009900
Stairs 1683,714, 1682,710, 1768,691

; стрелки
PenColor FF0000
Arrow 1710,598, 1710,577
Arrow 1646,566, 1625,566
Arrow 1470,660, 1492,660
PenColor 009900
Arrow 1711,740, 1711,724
Arrow 1619,770, 1637,770
Arrow 1491,679, 1470,679

;инфосос
PenColor 34349C
BrushColor 34349C
Polygon 1767,681, 1767,685, 1768,685, 1768,681
PenColor FF0000
BrushColor FF0000
Polygon 1767,677, 1767,681, 1768,681, 1768,677


; Названия улиц голубым
PenColor 00AFAF
BrushColor -1
AngleTextOut -90, Arial, 15, 1578, 450, ул.10-летия Октября
AngleTextOut 45, Arial, 15, 665, 934, '<< к спорт.комплексу "Лужники"'


; Выходы
Angle -35
PenColor FFD900
BrushColor 615F56
SpotRect 842, 815, 30, 30, ShowMessage Выход №1
SpotRect 1253, 91, 30, 30
BrushColor -1
TextOut Arial, 25, 850, 816, 1
TextOut Arial, 25, 1261, 92, 2


; ====================================================

; МЦК

Angle -25



;Пути
PenColor DE7272
Line 621,1498, 266,1498, 20
Line 1183,1520, 828,1520, 20
PenColor D56060
Dashed 621,1498, 266,1498, 13
Dashed 1183,1520, 828,1520, 13
PenColor 000000
Line 256,1488, 256,1451, 633,1451, 633,1453
Line 876,1451, 876,1455, 813,1455
Line 746,1565, 697,1565, 697,1473, 671,1473
Line 745,1544, 739,1544, 739,1473, 758,1473, 758,1440, 798,1440, 813,1455
Line 798,1440, 798,1451
Line 668,1453, 668,1440, 637,1440, 637,1410

Spline 558,1451, 643,1408, 730,1396
Spline 818,1418, 847,1433, 876,1451
Line 768,1402, 777,1404
PenColor 000000
;Spline 258,201, 417,146, 576,201
Line 730,1393, 730,1399
Line 768,1399, 767,1404
Line 778,1402, 776,1406
Line 819,1416, 817,1420

Line 914,1473, 923,1482, 968,1482, 977,1473, 2
Line 914,1639, 923,1630, 968,1630, 977,1639, 2
Line 876,1323, 885,1314, 949,1314, 958,1323, 2
Line 876,1268, 885,1277, 949,1277, 958,1268, 2

; эскалатор 3 гор
PenColor 7F7F7F
Stairs 667,1471, 667,1455, 634,1471
PenColor 000000
BrushColor 9B5509
Polygon 671,1455, 630,1455, 630,1453, 671,1453
Polygon 671,1459, 671,1461, 630,1461, 630,1459
Polygon 671,1465, 671,1467, 630,1467, 630,1465
Polygon 671,1471, 630,1471, 630,1473, 671,1473

; эскалатор 3 гор
PenColor 7F7F7F
Stairs 783,1563, 783,1547, 750,1563
PenColor 000000
BrushColor 9B5509
Polygon 787,1547, 746,1547, 746,1545, 787,1545
Polygon 787,1551, 787,1553, 746,1553, 746,1551
Polygon 787,1557, 787,1559, 746,1559, 746,1557
Polygon 787,1563, 746,1563, 746,1565, 787,1565

; турникеты
Line 712,1440, 772,1403, 0.5
PenColor 009900
Stairs 715,1440, 715,1444, 758,1440
PenColor FF0000
Stairs 710,1440, 710,1444, 669,1440

; кассы
PenColor 000000
BrushColor -1
Line 856,1455, 856,1463, 828,1463, 828,1455
AngleTextOut 0, Arial, 10, 830, 1453, кассы

;стрелки
PenColor FF0000
Arrow 606,1469, 620,1469
PenColor 009900
Arrow 620,1457, 606,1457

;стрелки
PenColor FF0000
Arrow 794,1561, 808,1561
PenColor 009900
Arrow 808,1549, 794,1549

;инфососы
PenColor 94949C
BrushColor 94949C
Polygon 736,1456, 741,1456, 741,1454, 736,1454
PenColor FF0000
BrushColor FF0000
Polygon 731,1456, 736,1456, 736,1454, 731,1454

;инфососы
PenColor 94949C
BrushColor 94949C
Polygon 591,1456, 596,1456, 596,1454, 591,1454
PenColor FF0000
BrushColor FF0000
Polygon 586,1456, 591,1456, 591,1454, 586,1454

;инфососы
PenColor 94949C
BrushColor 94949C
Polygon 850,1553, 855,1553, 855,1551, 850,1551
PenColor FF0000
BrushColor FF0000
Polygon 845,1553, 850,1553, 850,1551, 845,1551

;инфососы
PenColor 94949C
BrushColor 94949C
Polygon 851,1442, 851,1438, 849,1438, 849,1442
PenColor FF0000
BrushColor FF0000
Polygon 851,1446, 851,1442, 849,1442, 849,1446

;туалет
PenColor 000000
BrushColor 99FF99
Polygon 691,1515, 691,1509, 697,1509, 697,1515
BrushColor -1
AngleTextOut 0, Arial, 6, 692, 1508, Т

Opaque 70
PenColor FFFFFF
BrushColor FFFFFF
Polygon 759,1451, 759,1488, 661,1488, 661,1451
Polygon 696,1567, 696,1530, 756,1530, 756,1567
Opaque 100

Line 630,1473, 627,1473, 627,1475, 661,1475, 661,1451, 798,1451, 798,1488, 256,1488
Line 572,1567, 572,1530, 1193,1530, 1193,1555, 811,1555, 811,1567, 785,1567, 785,1565
Line 787,1545, 791,1545, 791,1543, 757,1543, 757,1567, 572,1567

;лифт
PenColor 000000
BrushColor D0EFFF
Polygon 758,1468, 758,1453, 773,1453, 773,1468
BrushColor -1
AngleTextOut 0, Arial, 6, 759, 1457, лифт

;лифт
PenColor 000000
BrushColor D0EFFF
Polygon 682,1564, 682,1549, 697,1549, 697,1564
BrushColor -1
AngleTextOut 0, Arial, 6, 683, 1553, лифт


BrushColor -1
PenColor DE7272
AngleTextOut 0, Arial, 20, 257, 1464, << Кутузовская
AngleTextOut 0, Arial, 20, 997, 1528, Площадь Гагарина >>
PenColor DE7272
AngleTextOut 0, Arial, 25, 526, 1338, Лужники (МЦК), 1


; Названия улиц голубым
PenColor 00AFAF
BrushColor -1
AngleTextOut 0, Arial, 15, 837, 1284, Хамовнический Вал
AngleTextOut 0, Arial, 15, 920, 1596, ТТК
AngleTextOut 0, Arial, 15, 810, 1674, 'Спорткомпллекс "Лужники"'
Arrow 822,1387, 928,1350, 921,1324
Arrow 827,1393, 946,1423, 946,1471




Angle 25

; Выходы
PenColor FFD900
BrushColor 615F56
SpotRect 512, 1276, 30, 30, ShowMessage Выход №1
BrushColor -1
TextOut Arial, 25, 520, 1277, 1
