Size 700x500

;Angle 30
;Image Yugo-Vostochnaya.vec, -88, -4
;Angle -30


Angle -25

; пути

PenColor 000000
BrushColor DE64A1
Polygon 224,279, 224,249, 674,249, 674,279
Polygon 224,312, 224,282, 674,282, 674,312

PenColor DE64A1
BrushColor -1
AngleTextOut 0, Arial, 20, 401, 227, << Нижегородская
AngleTextOut 0, Arial, 20, 537, 312, Окская >>
PenColor 000000
AngleTextOut 0, Arial, 25, 466, 254, Стахановская, 1
PenColor FFFFFF
AngleTextOut 0, Arial, 25, 465, 253, Стахановская, 1




PenColor 000000
Line 224,279, 224,282
Line 674,279, 674,282

;инфосос
PenColor 34349C
BrushColor 34349C
Polygon 449,216, 452,216, 452,215, 449,215
Polygon 461,345, 464,345, 464,344, 461,344
PenColor FF0000
BrushColor FF0000
Polygon 446,216, 449,216, 449,215, 446,215
Polygon 458,345, 461,345, 461,344, 458,344


;правый вестибюль

PenColor 000000
Line 634,231, 674,231, 674,330, 634,330
Line 372,213, 701,213, 701,232, 710,232, 710,328, 701,328, 701,348, 288,348, 288,330
Stairs 672,213, 672,231, 635,213
Stairs 672,348, 672,330, 634,348

;инфосос
PenColor 34349C
BrushColor 34349C
Polygon 705,279, 705,283, 706,283, 706,279
PenColor FF0000
BrushColor FF0000
Polygon 705,275, 705,279, 706,279, 706,275


; левый вестибюль

; нмжний уровень
PenColor 000000
Line 282,167, 367,167, 367,213
Line 354,185, 354,213
Line 224,312, 224,348, 288,348
Line 310,330, 241,330, 241,334
Line 224,249, 224,231, 179,231
Line 179,220, 224,220, 224,211

;стрелки
PenColor FF0000
Arrow 359,217, 359,177, 344,177
Arrow 236,328, 236,340, 245,340

; верхний прозрачный уровень
Opaque 80
PenColor FFFFFF
BrushColor FFFFFF
Polygon 372,211, 395,211, 395,314, 372,314
Polygon 310,248, 288,248, 288,331, 310,331
Polygon 353,190, 368,190, 368,208, 353,208
Polygon 223,334, 249,334, 249,346, 223,346
Polygon 208,219, 179,219, 179,232, 208,232
PenColor 000000
BrushColor D0D0D0
Polygon 372,190, 372,185, 310,185, 310,190
Polygon 310,213, 310,208, 372,208, 372,213
Polygon 179,233, 179,218, 161,218, 161,233
Opaque 100

; верхний уровень
PenColor 000000
Line 350,231, 310,231, 310,330, 350,330, 353,330, 353,327
Line 288,213, 288,330
Line 76,294, 116,294, 116,330, 193,330, 193,346, 249,346
Line 249,334, 222,334, 222,316, 207,316, 207,211
Line 372,348, 372,213
Line 435,329, 395,329, 395,190, 372,190
Line 76,237, 103,237
Line 76,290, 103,290
Line 116,264, 144,264
Line 76,255, 103,255
Line 76,273, 103,273
Line 202,167, 116,167, 116,233, 76,233
Stairs 80,237, 80,290, 101,237

BrushColor FFFFFF
Stairs 316,167, 316,185, 354,167
Stairs 397,329, 397,348, 435,329
Stairs 312,213, 312,231, 350,213
Stairs 312,348, 312,330, 350,348

BrushColor D0D0D0
Polygon 144,261, 144,267, 179,267, 179,261
Polygon 207,261, 207,267, 200,267, 200,261
Polygon 248,213, 248,211, 288,211, 288,213
Polygon 110,267, 110,261, 116,261, 116,267

; эскалатор 4
PenColor 7F7F7F
Stairs 205,171, 205,207, 278,171
PenColor 000000
BrushColor 9B5509
Polygon 282,167, 202,167, 202,171, 282,171
Polygon 282,177, 202,177, 202,181, 282,181
Polygon 282,187, 202,187, 202,191, 282,191
Polygon 282,197, 202,197, 202,201, 282,201
Polygon 282,207, 202,207, 202,211, 282,211

;лифты
PenColor 000000
BrushColor D0EFFF
Polygon 261,334, 249,334, 249,346, 261,346
Polygon 179,220, 168,220, 168,231, 179,231

Polygon 68,358, 60,366, 68,374, 76,366
BrushColor -1
AngleTextOut 0, Arial, 4, 64, 363, лифт
AngleTextOut 0, Arial, 4, 251, 337, лифт
AngleTextOut 0, Arial, 4, 169, 223, лифт

;;кассы
PenColor 000000
BrushColor -1
Polygon 216,309, 216,276, 207,276, 207,309
AngleTextOut 90, Arial, 10, 203, 304, кассы
Line 184,233, 185,233, 185,218, 184,218
Line 172,233, 172,244
Line 175,251, 175,261
Line 202,189, 192,194, 185,205, 185,218, 0.5
Line 164,201, 164,218
PenColor A0A0A0
Line 180,218, 183,218, 0.5
Line 180,233, 183,233, 0.5

;турникеты
PenColor 000000
Polygon 177,244, 170,244, 170,251, 177,251
PenColor FF0000
Stairs 163,171, 168,171, 163,201
PenColor 009900
Stairs 182,245, 182,250, 204,245
PenColor 000000
Stairs 209,328, 213,328, 209,319
Line 211,328, 211,346

;стрелки
PenColor FF0000
Arrow 405,339, 381,339, 381,324
Arrow 139,206, 139,221
Arrow 332,199, 317,199
PenColor 009900
Arrow 130,281, 144,281
Arrow 338,339, 361,339, 361,324
Arrow 342,222, 353,222

; левый вестибюль

PenColor 000000
Line 76,233, 76,165, 114,143, 246,143, 286,120
Line 277,104, 240,125, 112,125, 58,156, 58,364
Line 60,350, 58,348
Line 66,356, 108,398, 100,406, 52,358
Line 39,371, 100,432, 134,398, 76,340, 76,294
Line 140,129, 162,129
Line 278,107, 241,128
Line 43,369, 70,396, 0.5
Line 90,360, 118,388, 0.5
Stairs 276,108, 284,121, 243,127
Stairs 158,129, 158,143, 144,129
Stairs 91,361, 81,371, 118,388
Stairs 70,396, 80,386, 44,370
PenColor A0A0A0
Line 61,351, 65,355, 0.5

; вне станции

;стрелки
PenColor 009900
Arrow 82,380, 75,373
Arrow 63,357, 63,346



;; Названия улиц голубым
PenColor 00AFAF
BrushColor -1
AngleTextOut 0, Arial, 15, 298, 1, Рязанский проспект
AngleTextOut 30, Arial, 15, -12, 158, 2-й Грайвороновский проезд

Angle 25

; Выходы
PenColor FFD900
BrushColor 615F56
SpotRect 9, 183, 30, 30, ShowMessage Выход №1
SpotRect 320, 51, 30, 30
BrushColor -1
TextOut Arial, 25, 17, 184, 1
TextOut Arial, 25, 328, 52, 2
