Size 580x680
Angle -85

; пути

BrushColor 046434
Polygon 98,401, 548,401, 548,431, 98,431
Polygon 98,433, 548,433, 548,463, 98,463

BrushColor -1

PenColor 000000
AngleTextOut 0, Arial, 25, 330, 403, Технопарк, 1
PenColor FFFFFF
AngleTextOut 0, Arial, 25, 329, 402, Технопарк, 1

PenColor 046434
AngleTextOut 0, Arial, 20, 396, 459, Коломенская >>
AngleTextOut 0, Arial, 20, 104, 379, << Автозаводская

; левый вестибюль

PenColor 000000
;Line 127,345, 127,347
;Line 577,315, 577,295, 75,295, 75,287, -78,287, -78,405, -58,405, 5,539
;Line 21,531, -38,405, 75,405, 75,397, 577,397, 577,377


; Названия улиц голубым
PenColor 00AFAF
BrushColor -1
AngleTextOut 0, Arial, 15, 218, 162, проспект Андропова
AngleTextOut 90, Arial, 15, 161, 169, Остров Мечты >>
PenColor C07777
AngleTextOut 90, Arial, 15, 594, 487, будущий переход на Бирюлёвскую линию

; Восточная платформа
PenColor 000000
Line 589,360, 589,401, 548,401
Line 571,360, 530,360
Line 313,360, 289,360
BrushColor CCCCCC
Polygon 530,360, 530,368, 526,371, 513,371, 513,381, 313,381, 313,360
Line 263,381, 289,381, 289,371, 224,371
Line 224,381, 210,381
;Line 239,274, 239,295, 218, 295,218, 285,153, 285,148, 280,148, 274,68, 274,68, 282,44, 282,44, 274
Polygon 210,360, 210,381, 189,381, 189,371, 124,371, 119,366, 119,360
Polygon 39,360, 39,368, -13,368, -13,360
Line 119,360, 59,360, 59,320, 71,294, 71,237, 89,237, 89,276
Line 71,282, 107,282, 107,219, 70,219, 70,116, 141,116, 141,75, 76,75, 76,93
Line 46,93, 46,75, -22,75, -22,116, 52,116, 52,291, 39,315, 39,360
Line -22,129, 46,129, 46,116
Line 141,129, 76,129, 76,116
Line -29,360, -29,401, 39,401
Polygon 39,401, 39,385, 98,385, 98,401
Polygon -10,98, -10,93, 129,93, 129,98
Line 29,385, -13,385
Stairs 280,371, 280,381, 263,371
Stairs -13,385, -13,401, 29,385
Stairs 71,241, 89,241, 71,275
Stairs 107,271, 89,271, 107,237
Stairs 28,116, 28,98, -10,116
Stairs 91,116, 91,98, 128,116
Stairs 125,93, 125,75, 87,93
Stairs -6,93, -6,75, 32,93

; лифт
BrushColor D0EFFF
Polygon 39,360, 39,368, 29,368, 29,360
Polygon 56,88, 56,98, 66,98, 66,88
BrushColor -1
AngleTextOut 0, Arial, 4, 57, 90, лифт
AngleTextOut 0, Arial, 4, 30, 361, лифт


BrushColor FFFFFF
Polygon 54,385, 54,397, 81,397, 81,385
BrushColor -1
TextOut Arial, 9, 56, 385, кассы
PenColor FF0000
Stairs 311,381, 311,377, 289,381
Stairs 230,381, 226,381, 230,371
Arrow 245,381, 245,376, 236,376
Arrow 301,392, 301,385
Line 553,363, 556,398
Line 556,363, 553,398
PenColor 009900
Stairs 118,368, 121,371, 100,385
Arrow -21,353, -21,376, -14,376

; Западная платформа
PenColor 000000
Line 548,463, 590,463, 590,504
Line 571,504, 530,504
Line 313,504, 289,504
BrushColor CCCCCC
Polygon 530,504, 530,497, 526,493, 513,493, 513,483, 313,483, 313,504
Line 263,483, 289,483, 289,494, 224,494
;Line 239,418, 239,398, 218,398, 218,408, 152,408, 148,412, 148,418, 74,418, 74,410, 44,410, 44,418
Line 119,504, 39,504
Polygon 210,504, 210,484, 189,484, 189,494, 123,494, 119,498, 119,504
Polygon 39,504, 39,496, -13,496, -13,504
Line -29,504, -29,463, 39,463
Polygon 39,463, 39,479, 98,479, 98,463
Line 29,479, -13,479
Line 224,484, 210,484
Stairs -13,463, -13,479, 30,463
Stairs 280,494, 280,483, 263,494

; лифт
BrushColor D0EFFF
Polygon 39,504, 39,496, 29,496, 29,504
BrushColor -1
AngleTextOut 0, Arial, 4, 30, 497, лифт


BrushColor FFFFFF
Polygon 81,479, 81,467, 54,467, 54,479
BrushColor -1
TextOut Arial, 9, 56, 467, кассы
PenColor FF0000
Stairs 311,483, 311,487, 289,483
Stairs 230,484, 226,484, 230,494
Arrow 245,482, 245,488, 236,488
Arrow 301,472, 301,479
Line 553,466, 556,501
Line 556,466, 553,501
PenColor 009900
Stairs 118,496, 121,493, 100,479
Arrow -22,509, -22,487, -14,487

; Второй ярус

Opaque 80
PenColor FFFFFF
BrushColor FFFFFF
Polygon 280,371, 289,371, 289,391, 296,391, 296,473, 289,473, 289,494, 280,494, 280,473, 273,473, 273,456, 59,456, 59,504, 39,504, 39,496, -29,496, -29,479, 29,479, 29,385, -29,385, -29,368, 39,368, 39,360, 59,360, 59,408, 273,408, 273,391, 280,391
Opaque 100

Line 280,371, 289,371, 289,391, 296,391, 296,473, 289,473, 289,494, 280,494
Line 280,381, 280,391, 273,391, 273,408, 59,408, 59,360
Line 39,360, 39,368, -29,368, -29,385
Line -13,385, 29,385, 29,479, -13,479
Line -29,479, -29,496, 39,496, 39,529, 78,568, 75,571, 46,542
Line 34,554, 76,596, 103,569, 59,525, 59,456, 273,456, 273,473, 280,473, 280,483
Stairs 289,391, 280,391, 289,381
Stairs 289,473, 280,473, 289,483
Stairs 29,368, 29,385, -13,368
Stairs 29,479, 29,496, -13,479
Stairs 36,556, 48,544, 62,582
Stairs 76,566, 88,554, 49,539
PenColor FF0000
Stairs 96,412, 100,412, 96,454

; Выходы
Angle 82
PenColor FFD900
BrushColor 615F56
SpotRect 87, 302, 30, 30, ShowMessage Выход №1
SpotRect 43, 21, 30, 30
SpotRect -5, 101, 30, 30
SpotRect 244, 29, 30, 30
SpotRect 267, 287, 30, 30
SpotRect 355, 150, 30, 30
SpotRect 418, 1, 30, 30
SpotRect 439, 136, 30, 30
BrushColor -1
TextOut Arial, 25, 95, 303, 1
TextOut Arial, 25, 51, 22, 2
TextOut Arial, 25, 3, 102, 3
TextOut Arial, 25, 252, 30, 4
TextOut Arial, 25, 275, 288, 5
TextOut Arial, 25, 363, 151, 6
TextOut Arial, 25, 426, 2, 7
TextOut Arial, 25, 447, 137, 8

