Size 1400x1350

; перекресток
PenColor F5F5F5
BrushColor F5F5F5
Polygon 581,0, 667,31, 667,0, 742,0, 742,42, 904,42, 862,0, 946,0, 988,42, 1380,42, 1380,143, 991,143, 832,733, 756,733, 914,143, 719,143, 719,733, 630,733, 630,131, 360,0
Polygon 31,2, 31,735, 0,735, 0,2

; метро

; пути

PenColor 000000
BrushColor AC24AC
Polygon 678,198, 1128,198, 1128,228, 678,228
Polygon 678,308, 1128,308, 1128,338, 678,338

BrushColor -1
PenColor AC24AC
AngleTextOut 0, Arial, 20, 680, 175, << Волгоградский проспект
AngleTextOut 0, Arial, 20, 1012, 338, Кузьминки >>
AngleTextOut 0, Arial, 25, 818, 265, Текстильщики, 1

;инфосос
PenColor 34349C
BrushColor 34349C
Polygon 901,265, 901,261, 902,261, 902,265
PenColor FF0000
BrushColor FF0000

Polygon 901,269, 901,265, 902,265, 902,269

; правый вестибюль

PenColor 000000
Line 1128,228, 1128,243, 1160,243, 1160,246
Line 1224,246, 1224,192, 1298,192, 1298,175, 1255,175
Line 1255,154, 1299,154, 1299,31, 1255,31
Line 1255,10, 1377,10
Line 1377,31, 1333,31, 1333,154, 1377,154
Line 1377,175, 1333,175, 1333,302, 1293,302, 1293,344, 1223,344, 1223,286
Line 1160,286, 1160,289, 1128,289, 1128,308
Stairs 1374,10, 1374,31, 1336,10
Stairs 1258,10, 1258,31, 1296,10
Stairs 1374,154, 1374,175, 1336,154
Stairs 1258,154, 1258,175, 1296,154

; эскалатор 3 гор
PenColor 7F7F7F
Stairs 1242,283, 1242,249, 1157,283
PenColor 000000
BrushColor 9B5509
Polygon 1249,249, 1152,249, 1152,246, 1249,246
Polygon 1249,257, 1249,262, 1152,262, 1152,257
Polygon 1249,270, 1249,275, 1152,275, 1152,270
Polygon 1249,283, 1152,283, 1152,286, 1249,286

; турникеты
BrushColor FFFFFF
Line 1249,262, 1274,248, 1286,248, 0.5
Line 1286,244, 1286,253, 0.5
Polygon 1284,293, 1290,293, 1290,299, 1284,299
PenColor 009900
Stairs 1284,253, 1289,253, 1284,290
PenColor FF0000
Stairs 1284,244, 1289,244, 1284,194

; кассы
PenColor 000000
BrushColor -1
Line 1333,234, 1342,234, 1342,263, 1333,263
AngleTextOut 90, Arial, 10, 1331, 261, кассы

;стрелки
PenColor FF0000
Arrow 1280,218, 1297,218
PenColor 009900
Arrow 1293,271, 1277,271

;инфосос
PenColor 34349C
BrushColor 34349C
Polygon 1312,298, 1308,298, 1308,297, 1312,297
PenColor FF0000
BrushColor FF0000
Polygon 1316,298, 1312,298, 1312,297, 1316,297

; левый вестибюль

PenColor 000000
Line 678,228, 678,237, 627,237, 627,227, 556,227, 556,368, 293,368, 293,355
Line 553,501, 548,501, 548,576, 610,576, 610,562, 604,562
Line 604,533, 610,533, 610,501, 593,501
Line 593,437, 596,437, 596,416, 626,416, 626,299, 678,299, 678,308
Stairs 630,237, 630,299, 676,237

; эскалатор 3 верт
PenColor 7F7F7F
Stairs 556,507, 590,507, 556,434
PenColor 000000
BrushColor 9B5509
Polygon 553,511, 553,430, 556,430, 556,511
Polygon 564,511, 564,430, 569,430, 569,511
Polygon 577,511, 577,430, 582,430, 582,511
Polygon 590,511, 590,430, 593,430, 593,511

; турникеты
BrushColor FFFFFF
Polygon 584,325, 584,319, 590,319, 590,325
PenColor 009900
Stairs 594,324, 594,320, 624,324
PenColor FF0000
Stairs 580,324, 580,320, 558,324

; кассы
PenColor 000000
BrushColor -1
Line 599,416, 599,424, 626,424, 626,416
AngleTextOut 0, Arial, 10, 600, 414, кассы

;стрелки
PenColor FF0000
Arrow 577,336, 577,350
Arrow 560,520, 560,533
PenColor 009900
Arrow 604,350, 604,335
Arrow 586,533, 586,520

;инфосос
PenColor 34349C
BrushColor 34349C
Polygon 585,229, 589,229, 589,230, 585,230
PenColor FF0000
BrushColor FF0000
Polygon 581,229, 585,229, 585,230, 581,230

; ============================================================
; МЦД-2

; платформы

PenColor 000000
BrushColor E83F83
;Polygon 363,462, 424,462, 424,1250, 363,1250
;Polygon 478,1250, 478,462, 539,462, 539,1250
Polygon 419,1240, 449,1240, 449,577, 419,577
Polygon 452,1183, 482,1183, 482,520, 452,520

PenColor 000000
Line 293,428, 293,416, 371,416, 371,462, 363,462, 363,1240, 419,1240
Line 482,520, 482,462, 490,462, 490,416, 412,416, 412,462, 419,462, 419,577
Line 553,437, 550,437, 550,416, 529,416, 529,462, 539,462, 539,906, 585,906, 585,947
Line 585,979, 585,1009, 539,1009, 539,1183, 482,1183
Stairs 371,421, 412,421, 371,457
Stairs 490,421, 529,421, 490,457

PenColor E0E0E0
PenColor 000000
Line 390,528, 397,528, 0.5
Line 505,492, 512,492, 0.5
PenColor 009900
Stairs 505,495, 505,489, 482,495
Stairs 366,531, 366,525, 391,531
Stairs 558,951, 553,951, 558,980
PenColor FF0000
Stairs 512,495, 512,489, 537,495
Stairs 417,531, 417,525, 396,531
Stairs 553,1006, 558,1006, 553,981


; кассы
PenColor 000000
BrushColor 808080
Polygon 363,510, 363,480, 373,480, 373,510
Polygon 564,906, 553,906, 553,947, 564,947
PenColor FFFFFF
BrushColor -1
AngleTextOut 90, Arial, 10, 362, 508, Кассы
AngleTextOut 90, Arial, 10, 552, 941, Кассы


Opaque 80
PenColor FFFFFF
BrushColor FFFFFF
Polygon 304,364, 476,364, 476,423, 304,423
Opaque 100

Railway 10, 14, 4, 471,0, 471,1250
Railway 10, 14, 4, 443,0, 443,1250
Railway 10, 14, 4, 347,0, 347,1250
Railway 10, 14, 4, 318,0, 318,1250




; Названия улиц голубым
BrushColor -1
PenColor 00AFAF
AngleTextOut 0, Arial, 15, 1116, 81, Волгоградский проспект
AngleTextOut 90, Arial, 15, 662, 601, Люблинская улица
AngleTextOut 90, Arial, 15, 12, 468, Шоссейная улица

PenColor 000000
AngleTextOut 90, Arial, 25, 437, 963, Текстильщики, 1
AngleTextOut 90, Arial, 20, 423, 1235, << Печатники
AngleTextOut 90, Arial, 20, 460, 695, Новохохловская >>
PenColor FFFFFF
AngleTextOut 90, Arial, 25, 435, 965, Текстильщики, 1
AngleTextOut 90, Arial, 20, 422, 1237, << Печатники
AngleTextOut 90, Arial, 20, 459, 697, Новохохловская >>

PenColor FF0000
Arrow 407,533, 407,519
Arrow 526,498, 526,484
Arrow 548,992, 566,992
PenColor 009900
Arrow 491,487, 491,501
Arrow 380,522, 380,536
Arrow 562,965, 546,965

; Выходы
Angle 0
PenColor FFD900
BrushColor 615F56
SpotRect 1255, 120, 30, 30, ShowMessage Выход №1
SpotRect 1336, 121, 30, 30
SpotRect 1257, 35, 30, 30
SpotRect 1337, 33, 30, 30
SpotRect 586, 586, 30, 30
SpotRect 271, 377, 30, 30
SpotRect 494, 381, 30, 30
SpotRect 376, 383, 30, 30
SpotRect 601, 971, 30, 30
SpotRect 133, 380, 30, 30
SpotRect 125, 1234, 30, 30
BrushColor -1
TextOut Arial, 25, 1263, 121, 1
TextOut Arial, 25, 1344, 122, 2
TextOut Arial, 25, 1265, 36, 3
TextOut Arial, 25, 1345, 34, 4
TextOut Arial, 25, 594, 587, 5
TextOut Arial, 25, 279, 378, 6
TextOut Arial, 25, 495, 382, 6.1
TextOut Arial, 25, 377, 384, 6.2
TextOut Arial, 25, 609, 972, 7
TextOut Arial, 25, 141, 381, 8
TextOut Arial, 25, 133, 1235, 9

=====================================

; метро БКЛ

; пути
PenColor 000000
BrushColor 30D5C8
Polygon 117,1151, 147,1151, 147,574, 117,574
Polygon 150,1151, 180,1151, 180,574, 150,574

BrushColor -1
AngleTextOut 90, Arial, 25, 135, 950, Текстильщики, 1
AngleTextOut 90, Arial, 20, 120, 1133, << Печатники
AngleTextOut 90, Arial, 20, 158, 744, Нижегородская >>
PenColor FFFFFF
AngleTextOut 90, Arial, 20, 119, 1135, << Печатники
AngleTextOut 90, Arial, 20, 157, 746, Нижегородская >>
AngleTextOut 90, Arial, 25, 133, 952, Текстильщики, 1

PenColor 000000
Line 200,1151, 209,1151, 209,671, 260,671, 260,619, 256,619
Line 40,619, 36,619, 36,671, 88,671, 88,1151, 97,1151
Line 108,1151, 117,1151
Line 189,1151, 180,1151
Line 40,567, 38,567, 38,458, 129,458, 129,422
Line 170,422, 170,458, 258,458, 258,566, 256,566
Line 189,1142, 189,1194, 108,1194, 108,1142
Line 200,1142, 200,1206, 100,1206, 100,1213, 97,1213
Line 98,1271, 101,1271, 101,1290, 116,1290, 116,1267, 122,1267
Line 137,1267, 137,1290
Line 134,1267, 140,1267
Line 97,1142, 97,1194, 55,1194, 55,1213, 57,1213
Line 57,1272, 54,1272, 54,1324, 158,1324, 158,1267, 153,1267
Line 216,619, 209,619, 209,574, 180,574
Line 80,619, 88,619, 88,574, 117,574
Line 80,567, 216,567
Stairs 200,1145, 189,1145, 200,1171
Stairs 97,1145, 108,1145, 97,1171
Stairs 129,425, 170,425, 129,455

; эскалатор 3 верт
PenColor 7F7F7F
Stairs 43,617, 77,617, 43,567
PenColor 000000
BrushColor 9B5509
Polygon 40,623, 40,563, 43,563, 43,623
Polygon 51,623, 51,563, 56,563, 56,623
Polygon 64,623, 64,563, 69,563, 69,623
Polygon 77,623, 77,563, 80,563, 80,623

; эскалатор 3 верт
PenColor 7F7F7F
Stairs 219,617, 253,617, 219,567
PenColor 000000
BrushColor 9B5509
Polygon 216,623, 216,563, 219,563, 219,623
Polygon 227,623, 227,563, 232,563, 232,623
Polygon 240,623, 240,563, 245,563, 245,623
Polygon 253,623, 253,563, 256,563, 256,623

; эскалатор 3 верт
PenColor 7F7F7F
Stairs 60,1269, 94,1269, 60,1214
PenColor 000000
BrushColor 9B5509
Polygon 57,1275, 57,1210, 60,1210, 60,1275
Polygon 68,1275, 68,1210, 73,1210, 73,1275
Polygon 81,1275, 81,1210, 86,1210, 86,1275
Polygon 94,1275, 94,1210, 97,1210, 97,1275

; турникеты
BrushColor C0C0C0
Polygon 204,488, 204,523, 211,523, 211,488
Polygon 87,488, 87,523, 94,523, 94,488
PenColor 009900
Stairs 98,514, 98,519, 200,514
Stairs 118,1287, 118,1284, 135,1287
PenColor FF0000
Stairs 42,496, 42,501, 83,496
Stairs 215,496, 215,501, 256,496
Stairs 140,1280, 140,1277, 157,1280

;лифт
PenColor 000000
BrushColor D0EFFF
Polygon 170,458, 170,443, 185,443, 185,458
BrushColor -1
AngleTextOut 0, Arial, 6, 171, 447, лифт

