Size 530x620
Angle 60


===================================================
; затемнение платформ
PenColor EEEEEE
BrushColor EEEEEE
Polygon -30,267, -8,267, -8,237, -30,237
Polygon 10,237, 10,267, 109,267, 109,254, 69,254, 69,237
Polygon 139,267, 312,267, 312,255, 272,255, 272,237, 179,237, 179,254, 139,254
Polygon 342,267, 419,267, 419,251, 424,251, 424,237, 382,237, 382,255, 342,255
Polygon -30,330, -30,360, -8,360, -8,330
Polygon 46,330, 46,360, 69,360, 69,342, 109,342, 109,330
Polygon 139,330, 139,342, 181,342, 181,360, 272,360, 272,342, 312,342, 312,330
Polygon 342,330, 342,342, 382,342, 382,360, 422,360, 422,346, 419,346, 419,330

;Пути
PenColor 000000
BrushColor 30D5C8
Polygon 419,300, 419,330, -30,330, -30,300
Polygon 419,267, 419,297, -30,297, -30,267
Line 419,297, 419,300
Line -30,297, -30,300

PenColor CBCBCB
BrushColor D4F6F3
Polygon 109,267, 109,297, 139,297, 139,267
Polygon 109,300, 109,330, 139,330, 139,300
Polygon 312,267, 312,297, 342,297, 342,267
Polygon 312,300, 312,330, 342,330, 342,300

PenColor 000000
Line 422,360, 339,360, 339,363, 354,363
Line 419,330, 419,346, 421,346
Line 354,387, 316,387, 316,360, 134,360, 134,388, 110,388
Line 110,364, 115,364, 115,360, -30,360, -30,330
Line 419,267, 419,251, 422,251
Line 434,315, 434,251, 443,251
Line 443,237, -30,237, -30,267
Line 424,237, 424,322
Line 69,254, 109,254, 109,342, 69,342
Line 179,254, 139,254, 139,342, 181,342
Line 109,241, 69,241, 0.5
Line 69,356, 109,356, 0.5
Stairs 71,356, 71,342, 109,356
Stairs 179,360, 179,342, 141,360
Stairs 71,241, 71,254, 109,241
Stairs 177,237, 177,254, 139,237
PenColor D0D0D0
Line 425,251, 433,251
Line 442,346, 423,346
Line 423,360, 441,360
Line 434,323, 434,344, 443,344
Line 424,324, 424,363, 442,363

PenColor 000000
Line 272,255, 312,255, 312,342, 272,342
Line 382,255, 342,255, 342,342, 382,342
Line 382,356, 342,356, 0.5
Line 382,251, 342,251
Stairs 274,237, 274,255, 312,237
Stairs 380,237, 380,251, 342,237
Stairs 380,356, 380,342, 342,356
Stairs 274,360, 274,342, 312,360

PenColor CBCBCB
Polygon -8,267, -8,297, 10,297, 10,267
Polygon -8,300, -8,330, 46,330, 46,323, 10,323, 10,300

Line -8,237, 10,237
Line -8,360, 46,360

; левый вестибюль

PenColor 000000
Line 64,431, 10,431, 10,389, 52,389
Line 53,364, 46,364, 46,323, 10,323, 10,193, 47,193
Line 47,175, -8,175, -8,449, 64,449
Line 50,374, 25,374, 25,363, 0.5
Line -4,414, -4,428, 0.5
Line 24,445, 64,445, 0.5
Stairs 45,175, 45,193, 7,175
Stairs 62,445, 62,431, 24,445
Stairs 10,417, -4,417, 10,427
BrushColor D0D0D0
Polygon 10,344, 28,344, 28,363, 10,363

; турникеты
PenColor 009900
Stairs 30,340, 30,344, 43,340
PenColor FF0000
Stairs 30,386, 34,386, 30,376

; кассы
PenColor 000000
BrushColor FFFFFF
Polygon 42,323, 42,315, 14,315, 14,323
BrushColor -1
AngleTextOut 0, Arial, 10, 16, 312, кассы


; правый вестибюль

PenColor 000000
Line 411,363, 422,363, 422,323, 462,323, 462,175, 483,175, 483,161, 521,161
Line 493,175, 533,175
Line 533,193, 479,193, 479,431, 531,431
Line 520,463, 478,463, 478,449, 462,449, 462,387, 411,387
Line 531,449, 491,449
Line 414,371, 444,371, 444,365, 0.5
Line 531,445, 491,445, 0.5
Line 533,189, 493,189, 0.5
Stairs 531,175, 531,189, 493,175
Stairs 529,445, 529,431, 491,445
BrushColor D0D0D0
Polygon 444,346, 444,343, 462,343, 462,363, 444,363, 444,360, 459,360, 459,346

; турникеты
PenColor 009900
Stairs 442,339, 442,343, 425,339
PenColor FF0000
Stairs 433,385, 437,385, 433,374

BrushColor -1
PenColor 30D5C8
AngleTextOut 0, Arial, 20, 29, 210, << Кунцевская
AngleTextOut 0, Arial, 20, 201, 362, Мнёвники >>
PenColor 000000
AngleTextOut 0, Arial, 25, 189, 281, Терехово, 1
PenColor FFFFFF
AngleTextOut 0, Arial, 25, 188, 280, Терехово, 1

; эскалатор 3 гор
PenColor 7F7F7F
Stairs 404,384, 404,366, 359,384
PenColor 000000
BrushColor 9B5509
Polygon 411,363, 411,366, 354,366, 354,363
Polygon 411,370, 411,373, 354,373, 354,370
Polygon 411,377, 411,380, 354,380, 354,377
Polygon 411,384, 354,384, 354,387, 411,387

; эскалатор 3 гор
PenColor 7F7F7F
Stairs 103,385, 103,367, 58,385
PenColor 000000
BrushColor 9B5509
Polygon 110,364, 110,367, 53,367, 53,364
Polygon 110,371, 110,374, 53,374, 53,371
Polygon 110,378, 110,381, 53,381, 53,378
Polygon 110,385, 53,385, 53,388, 110,388

; кассы
PenColor 000000
BrushColor -1
Line 458,323, 458,315, 430,315, 430,323
AngleTextOut 0, Arial, 10, 432, 312, кассы

;инфососы
PenColor 94949C
BrushColor 94949C
Polygon 191,356, 187,356, 187,358, 191,358
Polygon 255,239, 259,239, 259,241, 255,241
PenColor FF0000
BrushColor FF0000
Polygon 195,356, 191,356, 191,358, 195,358
Polygon 251,239, 255,239, 255,241, 251,241

;лифт
PenColor 000000
BrushColor D0EFFF
Polygon 503,175, 503,161, 518,161, 518,175
BrushColor -1
AngleTextOut 0, Arial, 6, 504, 165, лифт

;лифт
PenColor 000000
BrushColor D0EFFF
Polygon 443,251, 443,237, 458,237, 458,251
BrushColor -1
AngleTextOut 0, Arial, 6, 444, 241, лифт

;лифт
PenColor 000000
BrushColor D0EFFF
Polygon 444,360, 444,346, 459,346, 459,360
BrushColor -1
AngleTextOut 0, Arial, 6, 445, 350, лифт

;лифт
PenColor 000000
BrushColor D0EFFF
Polygon 502,463, 502,449, 517,449, 517,463
BrushColor -1
AngleTextOut 0, Arial, 6, 503, 453, лифт



====================================================

Angle -60


; Выходы
PenColor FFD900
BrushColor 615F56
SpotRect 287, 557, 32, 30, ShowMessage Выход №1
SpotRect 5, 396, 32, 30
SpotRect 303, 18, 32, 30
SpotRect 455, 111, 32, 30
BrushColor -1
TextOut Arial, 25, 295, 558, 1
TextOut Arial, 25, 14, 397, 2
TextOut Arial, 25, 312, 19, 3
TextOut Arial, 25, 464, 112, 4

