Size 1200x660

; пути

BrushColor 30D5C8
Polygon 667,468, 217,468, 217,438, 667,438
Polygon 667,358, 217,358, 217,328, 667,328

BrushColor -1
PenColor 30D5C8
AngleTextOut 0, Arial, 20, 552, 468, Каширская >>
AngleTextOut 0, Arial, 20, 218, 308, << Каховская
AngleTextOut 0, Arial, 25, 380, 376, Варшавская, 1

;инфосос
PenColor 34349C
BrushColor 34349C
Polygon 441,404, 441,400, 442,400, 442,404
PenColor FF0000
BrushColor FF0000
Polygon 441,408, 441,404, 442,404, 442,408


; левый вестибюль

PenColor 000000
Line 217,358, 217,369
Line 163,369, 163,366, 151,366, 151,331, 40,331, 40,296, 90,296
Line 90,278, 16,278, 16,632, 90,632
Line 90,614, 40,614, 40,464, 151,464, 151,427, 217,427, 217,438
Line 90,628, 42,628, 0.5
Line 90,282, 42,282, 0.5
Stairs 167,396, 167,427, 213,396
Stairs 88,296, 88,282, 42,296
Stairs 88,614, 88,628, 42,614

BrushColor D0D0D0
Polygon 53,434, 40,434, 40,362, 53,362

; эскалатор 2 гор
PenColor 7F7F7F
Stairs 213,393, 213,372, 163,393
PenColor 000000
BrushColor 9B5509
Polygon 220,372, 158,372, 158,369, 220,369
Polygon 220,380, 220,385, 158,385, 158,380
Polygon 220,393, 158,393, 158,396, 220,396

; кассы
BrushColor -1
Line 151,435, 160,435, 160,464, 151,464
AngleTextOut 90, Arial, 10, 149, 462, кассы

; турникеты
BrushColor -1
Polygon 85,462, 79,462, 79,456, 85,456
Line 82,399, 82,373, 0.5
Line 82,378, 53,378, 0.5
Line 82,337, 82,331, 0.5
PenColor 009900
Stairs 80,452, 84,452, 80,398
PenColor FF0000
Stairs 80,373, 84,373, 80,336

;инфосос
PenColor 94949C
BrushColor 94949C
Polygon 146,359, 146,355, 148,355, 148,359
PenColor FF0000
BrushColor FF0000
Polygon 146,363, 146,359, 148,359, 148,363


; правый вестибюль

PenColor 000000
Line 658,428, 718,428
Line 718,368, 658,368
Stairs 660,368, 660,428, 730,368

; стрелки
PenColor FF0000
Arrow 681,385, 736,385
PenColor 009900
Arrow 736,410, 681,410

Opaque 80
PenColor FFFFFF
BrushColor FFFFFF
Polygon 694,367, 718,367, 718,429, 694,429

Opaque 100

Line 667,438, 667,428
Line 718,428, 718,368
Line 690,523, 690,527, 868,527, 868,424, 939,424, 939,371, 869,371, 869,272, 1152,272, 1152,198
Line 1015,198, 1015,248, 965,248, 965,198
Line 1033,198, 1033,248, 1134,248, 1134,198
Line 947,198, 947,248, 870,248, 870,221
Line 844,221, 844,248, 779,248, 779,250
Line 739,250, 739,248, 690,248
Line 690,264, 694,264, 694,503, 690,503, 690,506
Line 667,368, 667,358
Line 1015,203, 1010,203, 1010,171, 1015,171
Line 1033,171, 1038,171, 1038,203, 1033,203
Line 965,203, 969,203, 969,171, 964,171
Line 947,203, 942,203, 942,171, 947,171
Line 1148,246, 1148,198, 0.5
Line 1029,198, 1029,246, 0.5
Line 961,198, 961,246, 0.5
Line 871,252, 919,252, 0.5
Line 726,523, 766,523, 0.5
Stairs 947,200, 961,200, 947,246
Stairs 1015,200, 1029,200, 1015,246
Stairs 1134,200, 1148,200, 1134,246
Stairs 917,272, 917,252, 871,272
Stairs 728,503, 728,523, 766,503
Stairs 844,223, 870,223, 844,248
Stairs 1013,178, 1013,182, 1035,178
Stairs 945,179, 945,182, 967,179

BrushColor D0D0D0
Polygon 844,434, 829,434, 829,361, 844,361
Polygon 718,278, 739,278, 739,275, 779,275, 779,278, 844,278, 844,331, 730,331, 730,368, 718,368
Polygon 718,428, 730,428, 730,464, 844,464, 844,503, 718,503

; эскалатор 2 гор
PenColor 7F7F7F
Stairs 781,272, 781,253, 735,272
PenColor 000000
BrushColor 9B5509
Polygon 788,253, 730,253, 730,250, 788,250
Polygon 788,260, 788,265, 730,265, 730,260
Polygon 788,272, 730,272, 730,275, 788,275


; турникеты
BrushColor -1
Polygon 772,393, 778,393, 778,387, 772,387
Line 776,383, 829,383, 0.5
PenColor 009900
Stairs 777,461, 773,461, 777,397
PenColor FF0000
Stairs 800,379, 796,379, 800,335

;инфосос
PenColor 34349C
BrushColor 34349C
Polygon 734,436, 734,440, 735,440, 735,436
PenColor FF0000
BrushColor FF0000
Polygon 734,432, 734,436, 735,436, 735,432

; кассы
PenColor 000000
BrushColor -1
Polygon 1170,181, 1170,163, 1114,163, 1114,181
AngleTextOut 0, Arial, 10, 1116, 161, пригородные\nкассы

; кассы
PenColor 000000
BrushColor -1
Line 930,371, 930,354, 872,354, 872,371
AngleTextOut 0, Arial, 10, 874, 352, пригородные\nкассы

; Названия улиц голубым
PenColor 00AFAF
BrushColor -1
AngleTextOut 0, Arial, 15, 72, 534, Чонгарский бульвар
AngleTextOut 90, Arial, 15, 593, 216, Варшавское шоссе
AngleTextOut 90, Arial, 15, 1011, 166, 'платформа "Варшавская"'
AngleTextOut 90, Arial, 15, 1023, 166, 1 платформа 1-2 пути
AngleTextOut 90, Arial, 15, 941, 168, экспрессы
AngleTextOut 90, Arial, 15, 953, 168, 2 платформа 3 и 5 пути
AngleTextOut 90, Arial, 15, 853, 214, ТЦ Варшавский -1 этаж
AngleTextOut 90, Arial, 15, 666, 276, ТЦ Варшавский 1 этаж
AngleTextOut 90, Arial, 15, 1177, 196, Каширский проезд
PenColor 000000

; стрелки
PenColor FF0000
Arrow 106,347, 90,347
Arrow 860,306, 860,291
;Arrow 773,380, 824,380
Arrow 801,347, 817,347
Arrow 837,263, 821,263
PenColor 009900
Arrow 55,446, 69,446
Arrow 841,449, 822,449


; Выходы
PenColor FFD900
BrushColor 615F56
SpotRect 59, 577, 30, 30, ShowMessage Выход №1
SpotRect 60, 242, 30, 30
SpotRect 657, 535, 30, 30
SpotRect 691, 214, 30, 30
SpotRect 1092, 189, 30, 30
SpotRect 1041, 173, 30, 30
BrushColor -1
TextOut Arial, 25, 67, 578, 1
TextOut Arial, 25, 68, 243, 2
TextOut Arial, 25, 657, 536, 3.1
TextOut Arial, 25, 691, 215, 3.2
TextOut Arial, 25, 1092, 190, 4.1
TextOut Arial, 25, 1041, 174, 4.2


