Size 810x580
Angle -30

; пути

BrushColor DE64A1
Polygon 350,299, 350,269, 800,269, 800,299
Polygon 350,332, 350,302, 800,302, 800,332

PenColor DE64A1
BrushColor -1
AngleTextOut 0, Arial, 20, 527, 247, << Окская
AngleTextOut 0, Arial, 20, 662, 332, Косино >>
PenColor 000000
AngleTextOut 0, Arial, 25, 596, 273, Юго-Восточная, 1
PenColor FFFFFF
AngleTextOut 0, Arial, 25, 595, 272, Юго-Восточная, 1

PenColor 000000
Line 350,299, 350,302
Line 800,299, 800,302

;инфосос
PenColor 34349C
BrushColor 34349C
Polygon 575,236, 578,236, 578,235, 575,235
Polygon 615,365, 618,365, 618,364, 615,364
PenColor FF0000
BrushColor FF0000
Polygon 572,236, 575,236, 575,235, 572,235
Polygon 612,365, 615,365, 615,364, 612,364


;правый вестибюль

PenColor 000000
Line 760,251, 800,251, 800,350, 760,350
Line 498,233, 827,233, 827,252, 836,252, 836,348, 827,348, 827,368, 414,368, 414,350
Stairs 798,233, 798,251, 761,233
Stairs 798,368, 798,350, 760,368

;инфосос
PenColor 34349C
BrushColor 34349C
Polygon 831,299, 831,303, 832,303, 832,299
PenColor FF0000
BrushColor FF0000
Polygon 831,295, 831,299, 832,299, 832,295


; левый вестибюль

; нмжний уровень
PenColor 000000
Line 408,187, 493,187, 493,233
Line 480,205, 480,233
Line 350,332, 350,350, 357,350, 357,368, 414,368
Line 436,350, 367,350, 367,354
Line 350,269, 350,251, 305,251
Line 305,240, 350,240, 350,231

;стрелки
PenColor FF0000
Arrow 485,237, 485,197, 470,197
Arrow 362,348, 362,360, 371,360

; верхний прозрачный уровень
Opaque 80
PenColor FFFFFF
BrushColor FFFFFF
Polygon 498,231, 521,231, 521,334, 498,334
Polygon 436,269, 414,269, 414,351, 436,351
Polygon 479,210, 494,210, 494,228, 479,228
Polygon 349,354, 367,354, 367,366, 349,366
Polygon 334,239, 305,239, 305,252, 334,252
PenColor 000000
BrushColor D0D0D0
Polygon 498,210, 498,205, 436,205, 436,210
Polygon 436,233, 436,228, 498,228, 498,233
Polygon 305,253, 305,238, 287,238, 287,253
Opaque 100

; верхний уровень
PenColor 000000
Line 476,251, 436,251, 436,350, 476,350, 479,350, 479,349
Line 414,251, 414,350
Line 183,314, 242,314, 242,350, 319,350, 319,366, 375,366
Line 367,354, 348,354, 348,336, 333,336, 333,231
Line 367,354, 375,354
Line 498,368, 498,233
Line 561,349, 521,349, 521,210, 498,210
Line 202,257, 229,257
Line 202,310, 229,310
Line 242,284, 270,284
Line 202,275, 229,275
Line 202,293, 229,293
Line 336,187, 242,187, 242,253, 238,253, 238,212, 229,212, 229,253, 183,253
Stairs 206,257, 206,310, 227,257
Stairs 187,314, 187,253, 196,314

BrushColor FFFFFF
Stairs 442,187, 442,205, 480,187
Stairs 523,349, 523,368, 561,349
Stairs 438,233, 438,251, 476,233
Stairs 438,368, 438,350, 476,368

BrushColor D0D0D0
Polygon 270,281, 270,287, 305,287, 305,281
Polygon 333,281, 333,287, 326,287, 326,281
Polygon 361,231, 414,231, 414,251, 361,251
Polygon 236,287, 236,281, 242,281, 242,287
Polygon 498,349, 494,349, 494,368, 498,368

; эскалатор 4
PenColor 7F7F7F
Stairs 331,191, 331,227, 404,191
PenColor 000000
BrushColor 9B5509
Polygon 408,187, 328,187, 328,191, 408,191
Polygon 408,197, 328,197, 328,201, 408,201
Polygon 408,207, 328,207, 328,211, 408,211
Polygon 408,217, 328,217, 328,221, 408,221
Polygon 408,227, 328,227, 328,231, 408,231

;лифты
PenColor 000000
BrushColor D0EFFF
Polygon 387,354, 375,354, 375,366, 387,366
Polygon 305,240, 294,240, 294,251, 305,251
BrushColor -1
AngleTextOut 0, Arial, 4, 377, 357, лифт
AngleTextOut 0, Arial, 4, 295, 243, лифт

;кассы
PenColor 000000
BrushColor -1
Polygon 342,329, 342,296, 333,296, 333,329
AngleTextOut 90, Arial, 10, 329, 324, кассы
Line 298,264, 298,253
Line 310,238, 311,238, 311,253, 310,253
Line 301,271, 301,281
Line 328,209, 318,214, 311,225, 311,238, 0.5
Line 290,221, 290,238
PenColor A0A0A0
Line 306,238, 309,238, 0.5
Line 306,253, 309,253, 0.5
       
;турникеты
PenColor 000000
Polygon 303,264, 296,264, 296,271, 303,271
PenColor FF0000
Stairs 289,191, 294,191, 289,221
PenColor 009900
Stairs 308,265, 308,270, 331,265
PenColor 000000
Stairs 335,348, 339,348, 335,339
Line 337,348, 337,366

;стрелки
PenColor FF0000
Arrow 531,359, 510,359, 510,344
Arrow 265,226, 265,241
Arrow 458,219, 443,219
PenColor 009900
Arrow 264,301, 278,301
Arrow 464,359, 487,359, 487,344
Arrow 468,242, 479,242

; вне станции


; левый вестибюль

PenColor 000000
Line 183,253, 183,203, 160,163
Line 156,165, 177,201, 0.5
Line 144,172, 165,209, 165,272, 85,272, 41,209, -13,209
Line -13,227, 32,227, 82,298, 93,298, 93,380, 65,380, 29,363
Line 22,379, 63,398, 112,398, 112,298, 165,298, 165,408, 223,408
Line 183,404, 223,404, 0.5
Line 223,390, 183,390, 183,314
Line 170,381, 170,369
Line 28,366, 64,383, 0.5
Line -13,212, 29,212, 0.5
Stairs 145,174, 157,167, 164,207
Stairs 221,390, 221,404, 183,390
Stairs 170,371, 183,371, 170,381
Stairs 24,380, 30,367, 59,396
Stairs -11,212, -11,227, 27,212
PenColor A0A0A0
Line 181,413, 229,413, 229,390, 223,390, 0.5
Line 185,195, 162,155, 141,167, 144,172, 0.5
Line 218,225, 213,225, 213,209
Line 218,214, 218,209

;лифты
PenColor 000000
BrushColor D0EFFF
Polygon 229,214, 218,214, 218,225, 229,225
BrushColor -1
AngleTextOut 0, Arial, 4, 219, 217, лифт

;; Названия улиц голубым
PenColor 00AFAF
BrushColor -1
AngleTextOut 100, Arial, 15, 138, 450, Ташкентская улица
AngleTextOut 0, Arial, 15, -16, 293, Ферганская ул.

Angle 30

; Выходы
PenColor FFD900
BrushColor 615F56
SpotRect 149, 302, 30, 30, ShowMessage Выход №1
SpotRect 264, 57, 30, 30
SpotRect 8, 208, 30, 30
SpotRect 62, 41, 30, 30
BrushColor -1
TextOut Arial, 25, 157, 303, 1
TextOut Arial, 25, 272, 58, 2
TextOut Arial, 25, 16, 209, 3
TextOut Arial, 25, 70, 42, 4
