Size 1030x480
Angle 10

;пути
BrushColor 085888
Polygon 359,173, 809,173, 809,203, 359,203
Polygon 359,283, 809,283, 809,313, 359,313

BrushColor -1
PenColor 085888
AngleTextOut 0, Arial, 20, 359, 149, << посадки нет
AngleTextOut 0, Arial, 20, 687, 313, Московская >>
AngleTextOut 0, Arial, 25, 509, 225, Стрелка, 1

PenColor F85050
AngleTextOut 0, Arial, 10, 446, 253, "(Схема приблизительная, присылайте свои уточнения!)"

; правый вестибюль

PenColor 000000
Line 809,203, 809,213, 873,213, 873,181, 937,181, 937,186, 948,186, 948,159, 835,159
Line 835,141, 948,141, 948,94, 1014,94
Line 1014,110, 972,110, 972,358, 998,384
Line 809,283, 809,273, 873,273, 873,305, 937,305, 937,300, 948,300, 948,356, 987,395
Stairs 816,213, 816,273, 838,213
Stairs 846,213, 846,273, 868,213
Stairs 1012,110, 1012,94, 974,110
Stairs 837,141, 837,159, 875,141
Stairs 997,383, 986,394, 973,359

BrushColor D0D0D0
Polygon 937,228, 948,228, 948,259, 937,259

; турникеты
Line 873,213, 900,213, 0.5
PenColor 009900
Stairs 913,270, 917,269, 901,221
PenColor FF0000
Stairs 914,273, 918,273, 914,304

; кассы
PenColor 000000
BrushColor -1
Polygon 899,215, 904,214, 905,219, 900,220
PenColor 000000
Line 873,183, 881,183, 885,187, 885,207, 881,211, 873,211
BrushColor -1
AngleTextOut -90, Arial, 10, 886, 185, кассы

; стрелки
PenColor FF0000
Arrow 889,283, 902,283
PenColor 009900
Arrow 940,216, 928,218

; левый вестибюль

PenColor 000000
Line 359,203, 359,213, 297,213, 297,181, 232,181, 232,187, 221,187, 221,172, 263,172
Line 263,153, 200,153, 200,286, 41,286, 11,256
Line 148,332, 221,332, 221,300, 232,300, 232,306, 297,306, 297,273, 359,273, 359,283
Line -2,269, 35,306, 200,306, 200,314, 147,314
Stairs 324,213, 324,273, 302,213
Stairs 354,213, 354,273, 332,213
Stairs 261,172, 261,153, 223,172
Stairs 149,314, 149,332, 195,314
Stairs 12,257, -1,270, 39,284

BrushColor D0D0D0
Polygon 232,258, 221,258, 221,227, 232,227

; турникеты
Line 297,273, 270,273, 0.5
PenColor 009900
Stairs 257,216, 253,217, 269,265
PenColor FF0000
Stairs 256,213, 252,213, 256,182

; кассы
PenColor 000000
BrushColor -1
Polygon 271,271, 266,272, 265,267, 270,266
PenColor 000000
Line 297,303, 289,303, 285,299, 285,279, 289,275, 297,275
BrushColor -1
AngleTextOut -90, Arial, 10, 298, 277, кассы

; стрелки
PenColor FF0000
Arrow 281,203, 268,203
PenColor 009900
Arrow 230,270, 242,268

;названия улиц голубым
BrushColor -1
PenColor 00AFAF
AngleTextOut -45, Arial, 15, 0, 297, Мещерский бульвар
